ID_EXPERIMENTO	 ALGORITMO	 HYPER_VOLUME	 GD	 IGD	 SPREAD	 EPSILON	 CS.NSGA	 CS.SPEA	 CS.ILS	 CS.OPMOP	 CS.MILS	 TEMPO_EXEC	 DATA_HORA_EXECUCAO	 CENARIO	 TEMPO_SIMULACAO	 ALGORITMO 	 TAM_POP	 NUM_AVA_FUNC_OBJ	 PROB_CRUZ	 PROB_MUT	 NUM_OBJ	 TIPO_CODIFICACAO	 TIPO_CRUZAMENTO	 TIPO_MUTACAO	 CONJUNTO_OBJ
1	NSGA	0.4622679453196235	0.0016207790639352535	0.005092378792693322	0.7367120834038853	392.0	 NA	0.73	0.7666666666666667	0.9333333333333333	0.5	5639	Mon_Dec_02_16	Min3.xml	60	NSGAII	200	20000	0.9	0.4	3	1	2	1	3.0
2	NSGA	0.46779708213977145	0.0014853952851824465	0.0052592867197834995	0.6500124576655858	410.0	 NA	0.6275	0.75	0.8653846153846154	0.375	5514	Mon_Dec_02_16	Min3.xml	60	NSGAII	200	20000	0.9	0.4	3	1	2	1	3.0
3	NSGA	0.4435635616072463	0.0018372259240435644	0.007088960948643161	0.7112797466734215	998.0	 NA	0.26582278481012656	0.7333333333333333	0.8205128205128205	0.5	5448	Mon_Dec_02_16	Min3.xml	60	NSGAII	200	20000	0.9	0.4	3	1	2	1	3.0
4	NSGA	0.4614650844221953	0.0013849565613085876	0.0036067362873027455	0.7020459317343157	1241.0	 NA	0.3575	0.7666666666666667	0.9411764705882353	0.5	5376	Mon_Dec_02_16	Min3.xml	60	NSGAII	200	20000	0.9	0.4	3	1	2	1	3.0
5	NSGA	0.4622477937238122	0.0014304106958351933	0.004080693380066526	0.6494738453757534	1100.0	 NA	0.5275	0.8	0.9411764705882353	0.1111111111111111	6107	Mon_Dec_02_16	Min3.xml	60	NSGAII	200	20000	0.9	0.4	3	1	2	1	3.0
6	NSGA	0.4616460195531713	0.0014170148775726821	0.005090211423079049	0.840194628814288	409.0	 NA	0.4036363636363636	0.7666666666666667	0.9555555555555556	0.3	5800	Mon_Dec_02_16	Min3.xml	60	NSGAII	200	20000	0.9	0.4	3	1	2	1	3.0
7	NSGA	0.4518903711677382	0.001796966601786489	0.006841120791526372	0.7369574961629944	957.0	 NA	0.625	0.7333333333333333	0.813953488372093	0.2727272727272727	5992	Mon_Dec_02_16	Min3.xml	60	NSGAII	200	20000	0.9	0.4	3	1	2	1	3.0
8	NSGA	0.45512795059862554	0.001747859351271513	0.006762777755737383	0.7216456880505743	448.0	 NA	0.43	0.7333333333333333	0.8260869565217391	0.45454545454545453	5817	Mon_Dec_02_16	Min3.xml	60	NSGAII	200	20000	0.9	0.4	3	1	2	1	3.0
9	NSGA	0.45799640086815563	0.0014651202056378688	0.0041884665737015854	0.7124031130469001	1185.0	 NA	0.4825	0.7333333333333333	0.8297872340425532	0.4	5320	Mon_Dec_02_16	Min3.xml	60	NSGAII	200	20000	0.9	0.4	3	1	2	1	3.0
10	NSGA	0.43150764189328167	0.0014224466103333786	0.005973433030527092	0.689008754966929	2349.0	 NA	0.46	0.7	0.9285714285714286	0.45454545454545453	5128	Mon_Dec_02_16	Min3.xml	60	NSGAII	200	20000	0.9	0.4	3	1	2	1	3.0
11	NSGA	0.46695698243639755	0.001512341017333405	0.003921435850813521	0.56089664056185	336.0	 NA	0.49	0.7333333333333333	0.7631578947368421	0.42857142857142855	5431	Mon_Dec_02_16	Min3.xml	60	NSGAII	200	20000	0.9	0.4	3	1	2	1	3.0
12	NSGA	0.4712616836495573	0.0015438685156215018	0.0029088998941206906	0.6005539690587456	642.0	 NA	0.4775	0.8	0.92	0.36363636363636365	5236	Mon_Dec_02_16	Min3.xml	60	NSGAII	200	20000	0.9	0.4	3	1	2	1	3.0
13	NSGA	0.4623722056089776	0.001447298467130345	0.005241732393553059	0.6924058914517194	728.0	 NA	0.4775	0.7666666666666667	0.9074074074074074	0.45454545454545453	5458	Mon_Dec_02_16	Min3.xml	60	NSGAII	200	20000	0.9	0.4	3	1	2	1	3.0
14	NSGA	0.4513394266795198	0.0012735609087150494	0.005457148090277477	0.7977383815160082	1232.0	 NA	0.39	0.7666666666666667	0.9148936170212766	0.375	5186	Mon_Dec_02_16	Min3.xml	60	NSGAII	200	20000	0.9	0.4	3	1	2	1	3.0
15	NSGA	0.45652066064243213	0.0014674345165911812	0.004270668010367405	0.7158901337212491	1536.0	 NA	0.5025	0.7666666666666667	0.9545454545454546	0.375	5018	Mon_Dec_02_16	Min3.xml	60	NSGAII	200	20000	0.9	0.4	3	1	2	1	3.0
16	NSGA	0.46133521477920625	0.0015413409129466887	0.005153545320141163	0.6540708647422748	819.0	 NA	0.4725	0.7666666666666667	0.9047619047619048	0.3	5395	Mon_Dec_02_16	Min3.xml	60	NSGAII	200	20000	0.9	0.4	3	1	2	1	3.0
17	NSGA	0.4524610907235285	0.001715233778606564	0.005348967538008018	0.8015953973842267	1498.0	 NA	0.5425	0.7666666666666667	0.8918918918918919	0.2	5251	Mon_Dec_02_16	Min3.xml	60	NSGAII	200	20000	0.9	0.4	3	1	2	1	3.0
18	NSGA	0.45525589467728156	0.0013912419057744072	0.006821570205903042	0.6751408298744481	578.0	 NA	0.4433249370277078	0.7333333333333333	0.8367346938775511	0.8181818181818182	5527	Mon_Dec_02_16	Min3.xml	60	NSGAII	200	20000	0.9	0.4	3	1	2	1	3.0
19	NSGA	0.4544141856280962	0.0013705363523171723	0.0054575695324933365	0.6541892789230762	1495.0	 NA	0.75	0.7333333333333333	0.9024390243902439	0.5	5326	Mon_Dec_02_16	Min3.xml	60	NSGAII	200	20000	0.9	0.4	3	1	2	1	3.0
20	NSGA	0.45716594093972535	0.0011359523007622647	0.005305925476933419	0.7293932083843468	1366.0	 NA	0.8571428571428571	0.7333333333333333	0.9375	0.16666666666666666	5160	Mon_Dec_02_16	Min3.xml	60	NSGAII	200	20000	0.9	0.4	3	1	2	1	3.0
21	NSGA	0.4617812822976198	0.0012693698277518582	0.005190315902734282	0.651200560549679	1029.0	 NA	0.67	0.7666666666666667	0.9111111111111111	0.4444444444444444	5241	Mon_Dec_02_16	Min3.xml	60	NSGAII	200	20000	0.9	0.4	3	1	2	1	3.0
22	NSGA	0.4559279182595765	0.001467977890016624	0.005232804203112573	0.7090618987409879	1146.0	 NA	0.6525	0.7666666666666667	0.9069767441860465	0.4444444444444444	5321	Mon_Dec_02_16	Min3.xml	60	NSGAII	200	20000	0.9	0.4	3	1	2	1	3.0
23	NSGA	0.45873903517708287	0.0015878599873305616	0.004055822120417781	0.6966013586004923	1023.0	 NA	0.5	0.7666666666666667	0.8928571428571429	0.3	5293	Mon_Dec_02_16	Min3.xml	60	NSGAII	200	20000	0.9	0.4	3	1	2	1	3.0
24	NSGA	0.4442974265571617	0.0016748784149786843	0.0038685476147935285	0.7294022526020651	2235.0	 NA	0.355	0.8	0.9230769230769231	0.25	5418	Mon_Dec_02_16	Min3.xml	60	NSGAII	200	20000	0.9	0.4	3	1	2	1	3.0
25	NSGA	0.43707256736948685	0.001766076314511085	0.008524470464345039	0.6955934375293218	1194.0	 NA	0.23961661341853036	0.7	0.8043478260869565	0.2222222222222222	5634	Mon_Dec_02_16	Min3.xml	60	NSGAII	200	20000	0.9	0.4	3	1	2	1	3.0
26	NSGA	0.460532688030216	0.0016094541897037499	0.00339905448314962	0.6242502162831426	1044.0	 NA	0.38	0.7666666666666667	0.875	0.42857142857142855	5452	Mon_Dec_02_16	Min3.xml	60	NSGAII	200	20000	0.9	0.4	3	1	2	1	3.0
27	NSGA	0.45334485357615445	0.001648439807424146	0.005231880305332074	0.6618518738359599	1165.0	 NA	0.675	0.7666666666666667	0.9534883720930233	0.2222222222222222	5463	Mon_Dec_02_16	Min3.xml	60	NSGAII	200	20000	0.9	0.4	3	1	2	1	3.0
28	NSGA	0.4571277371782898	0.0016306906449032232	0.005286339052257877	0.6525463161307583	978.0	 NA	0.5975	0.7666666666666667	0.9148936170212766	0.45454545454545453	5319	Mon_Dec_02_16	Min3.xml	60	NSGAII	200	20000	0.9	0.4	3	1	2	1	3.0
29	NSGA	0.45765001010051953	0.0016151667771279407	0.005137604138478858	0.7708222696854651	531.0	 NA	0.38	0.7666666666666667	0.9285714285714286	0.45454545454545453	5346	Mon_Dec_02_16	Min3.xml	60	NSGAII	200	20000	0.9	0.4	3	1	2	1	3.0
30	NSGA	0.451202408976607	0.0017234484090167476	0.005187941470087436	0.5959528016451392	1067.0	 NA	0.475	0.7666666666666667	0.9090909090909091	0.5	5254	Mon_Dec_02_16	Min3.xml	60	NSGAII	200	20000	0.9	0.4	3	1	2	1	3.0
31	NSGA	0.4515104623234324	0.001267952592963757	0.004194942654649591	0.6836494284432477	1741.0	 NA	0.5125	0.8	0.9512195121951219	0.4	5003	Mon_Dec_02_16	Min3.xml	60	NSGAII	200	20000	0.9	0.4	3	1	2	1	3.0
32	NSGA	0.4592888125907566	0.0015592758123868721	0.005192124012303181	0.8007014120408074	392.0	 NA	0.4871060171919771	0.7666666666666667	0.9111111111111111	0.45454545454545453	5354	Mon_Dec_02_16	Min3.xml	60	NSGAII	200	20000	0.9	0.4	3	1	2	1	3.0
33	NSGA	0.4556457127886053	0.001983889403872031	0.005359212541238516	0.7621367730663052	964.0	 NA	0.56	0.7666666666666667	0.9285714285714286	0.5454545454545454	5532	Mon_Dec_02_16	Min3.xml	60	NSGAII	200	20000	0.9	0.4	3	1	2	1	3.0
1	SPEA	0.45790107511037487	0.0012711237920330202	0.0038514825797655314	0.6897734502153101	771.0	0.15	 NA	0.8	0.9777777777777777	0.16666666666666666	27772	Mon_Dec_02_16	Min3.xml	60	SPEA2	200	20000	0.9	0.4	3	1	2	1	3.0
2	SPEA	0.4439444767001824	0.0011858303826074012	0.0054338358548161715	0.6221271546873992	1783.0	0.185	 NA	0.75	0.9230769230769231	0.125	28788	Mon_Dec_02_16	Min3.xml	60	SPEA2	200	20000	0.9	0.4	3	1	2	1	3.0
3	SPEA	0.45087346021411356	0.001439122914846693	0.005100677268204773	0.6387731400066889	628.0	0.345	 NA	0.7666666666666667	0.9230769230769231	0.2	19744	Mon_Dec_02_16	Min3.xml	60	SPEA2	200	20000	0.9	0.4	3	1	2	1	3.0
4	SPEA	0.4578558585783837	0.001232794708885889	0.004038944572454815	0.5942202038755152	1305.0	0.12	 NA	0.8	0.9803921568627451	0.4166666666666667	25226	Mon_Dec_02_16	Min3.xml	60	SPEA2	200	20000	0.9	0.4	3	1	2	1	3.0
5	SPEA	0.4567393844301171	0.0014564137443526506	0.004184088349692099	0.5938027889281136	1648.0	0.17	 NA	0.7666666666666667	0.8235294117647058	0.1111111111111111	22054	Mon_Dec_02_16	Min3.xml	60	SPEA2	200	20000	0.9	0.4	3	1	2	1	3.0
6	SPEA	0.4593790701588929	0.0017532491259999348	0.003966648091726962	0.4999031256094104	921.0	0.19	 NA	0.8	0.9111111111111111	0.1	17876	Mon_Dec_02_16	Min3.xml	60	SPEA2	200	20000	0.9	0.4	3	1	2	1	3.0
7	SPEA	0.44724631260406805	0.0013963571293343093	0.006714105074600488	0.5889660233006171	1242.0	0.225	 NA	0.7333333333333333	0.813953488372093	0.2727272727272727	32691	Mon_Dec_02_16	Min3.xml	60	SPEA2	200	20000	0.9	0.4	3	1	2	1	3.0
8	SPEA	0.4610393700753175	0.001392983733879444	0.0038119617863580655	0.5540376806123536	653.0	0.17	 NA	0.8	0.9782608695652174	0.09090909090909091	23749	Mon_Dec_02_16	Min3.xml	60	SPEA2	200	20000	0.9	0.4	3	1	2	1	3.0
9	SPEA	0.43913965742124095	0.0014098038169712435	0.006894091327815217	0.6129338091463771	1041.0	0.145	 NA	0.7333333333333333	0.851063829787234	0.1	17783	Mon_Dec_02_16	Min3.xml	60	SPEA2	200	20000	0.9	0.4	3	1	2	1	3.0
10	SPEA	0.4499565558130581	0.0013728417026871251	0.0034186555074426548	0.6440656432031747	1887.0	0.185	 NA	0.8	1.0	0.36363636363636365	20580	Mon_Dec_02_16	Min3.xml	60	SPEA2	200	20000	0.9	0.4	3	1	2	1	3.0
11	SPEA	0.46006248195462635	0.001400854240887796	0.00395165835124778	0.5425401790519421	632.0	0.17	 NA	0.7333333333333333	0.8157894736842105	0.14285714285714285	24397	Mon_Dec_02_16	Min3.xml	60	SPEA2	200	20000	0.9	0.4	3	1	2	1	3.0
12	SPEA	0.45606632254267515	0.0015150373371349837	0.005174542954248754	0.47925851445804274	728.0	0.16	 NA	0.7666666666666667	0.9	0.36363636363636365	25907	Mon_Dec_02_16	Min3.xml	60	SPEA2	200	20000	0.9	0.4	3	1	2	1	3.0
13	SPEA	0.4583417815838463	0.0012396019336036207	0.0032524094094227947	0.5349172894854545	1392.0	0.32	 NA	0.7666666666666667	0.9444444444444444	0.45454545454545453	29326	Mon_Dec_02_16	Min3.xml	60	SPEA2	200	20000	0.9	0.4	3	1	2	1	3.0
14	SPEA	0.44892763127225144	0.0012482485771513842	0.004574619457346665	0.6690397473479738	2020.0	0.135	 NA	0.8	0.9787234042553191	0.25	19494	Mon_Dec_02_16	Min3.xml	60	SPEA2	200	20000	0.9	0.4	3	1	2	1	3.0
15	SPEA	0.45853976480513925	0.0011847035478575333	0.0052352210994338535	0.5650480354560897	818.0	0.215	 NA	0.7666666666666667	0.8863636363636364	0.375	22577	Mon_Dec_02_16	Min3.xml	60	SPEA2	200	20000	0.9	0.4	3	1	2	1	3.0
16	SPEA	0.4577850669225973	0.0013343893979275117	0.005016609858452758	0.655423499812194	474.0	0.205	 NA	0.7666666666666667	0.9047619047619048	0.0	25131	Mon_Dec_02_16	Min3.xml	60	SPEA2	200	20000	0.9	0.4	3	1	2	1	3.0
17	SPEA	0.4462462008952571	0.0016995314272703098	0.006727495497312933	0.7421533660306394	939.0	0.25	 NA	0.7333333333333333	0.8378378378378378	0.1	31198	Mon_Dec_02_16	Min3.xml	60	SPEA2	200	20000	0.9	0.4	3	1	2	1	3.0
18	SPEA	0.4713465481162341	0.0011358410314681658	0.0024144968388310245	0.5348715167547708	609.0	0.085	 NA	0.8333333333333334	0.9591836734693877	0.45454545454545453	27605	Mon_Dec_02_16	Min3.xml	60	SPEA2	200	20000	0.9	0.4	3	1	2	1	3.0
19	SPEA	0.45384117430301796	0.0013354898783103759	0.005133903745840649	0.6250838554109321	1021.0	0.035	 NA	0.7666666666666667	0.9024390243902439	0.25	28617	Mon_Dec_02_16	Min3.xml	60	SPEA2	200	20000	0.9	0.4	3	1	2	1	3.0
20	SPEA	0.4508881768719947	0.0017006874067803813	0.005115077824699761	0.529953347670066	1215.0	0.055	 NA	0.7333333333333333	0.9375	0.08333333333333333	22395	Mon_Dec_02_16	Min3.xml	60	SPEA2	200	20000	0.9	0.4	3	1	2	1	3.0
21	SPEA	0.4543885741011382	0.0015157897522474295	0.005270974341719154	0.7138561759795862	847.0	0.255	 NA	0.7666666666666667	0.9111111111111111	0.1111111111111111	19294	Mon_Dec_02_16	Min3.xml	60	SPEA2	200	20000	0.9	0.4	3	1	2	1	3.0
22	SPEA	0.45768612747170706	0.001467259406513634	0.00282532419929939	0.6033080793939503	1545.0	0.015	 NA	0.8666666666666667	1.0	0.2222222222222222	28458	Mon_Dec_02_16	Min3.xml	60	SPEA2	200	20000	0.9	0.4	3	1	2	1	3.0
23	SPEA	0.4534723667934909	0.0015237978834018076	0.003699864439471419	0.5720163893848803	934.0	0.195	 NA	0.8	0.9642857142857143	0.4	26290	Mon_Dec_02_16	Min3.xml	60	SPEA2	200	20000	0.9	0.4	3	1	2	1	3.0
24	SPEA	0.4576147104421768	0.001223157347109338	0.0029800084625658256	0.6433975466439122	1000.0	0.44	 NA	0.8333333333333334	0.9615384615384616	0.375	29725	Mon_Dec_02_16	Min3.xml	60	SPEA2	200	20000	0.9	0.4	3	1	2	1	3.0
25	SPEA	0.45600907938356305	0.0013092763774831785	0.005144068327344095	0.6450120339647843	1261.0	0.37	 NA	0.7666666666666667	0.9347826086956522	0.6666666666666666	22514	Mon_Dec_02_16	Min3.xml	60	SPEA2	200	20000	0.9	0.4	3	1	2	1	3.0
26	SPEA	0.4291094819156148	0.0014296808628667934	0.005829847662030758	0.5969664007536438	2100.0	0.19	 NA	0.6666666666666666	0.8928571428571429	0.2857142857142857	23058	Mon_Dec_02_16	Min3.xml	60	SPEA2	200	20000	0.9	0.4	3	1	2	1	3.0
27	SPEA	0.4447047638266003	0.001455200475505872	0.0051438293466841215	0.6618319408283768	1340.0	0.08	 NA	0.7666666666666667	0.9534883720930233	0.0	25060	Mon_Dec_02_16	Min3.xml	60	SPEA2	200	20000	0.9	0.4	3	1	2	1	3.0
28	SPEA	0.4593580253272564	0.0013382960126784747	0.005108240876728278	0.6189876118357441	788.0	0.17	 NA	0.7666666666666667	0.9148936170212766	0.36363636363636365	25287	Mon_Dec_02_16	Min3.xml	60	SPEA2	200	20000	0.9	0.4	3	1	2	1	3.0
29	SPEA	0.4529300851714482	0.001509482985951536	0.006614818992913378	0.5851370751603827	568.0	0.28	 NA	0.7333333333333333	0.8571428571428571	0.18181818181818182	32271	Mon_Dec_02_16	Min3.xml	60	SPEA2	200	20000	0.9	0.4	3	1	2	1	3.0
30	SPEA	0.46051249079461787	0.001313139452691727	0.0029170738340484675	0.4609736647022498	1098.0	0.34	 NA	0.8333333333333334	0.9818181818181818	0.4166666666666667	23835	Mon_Dec_02_16	Min3.xml	60	SPEA2	200	20000	0.9	0.4	3	1	2	1	3.0
31	SPEA	0.46009421790629235	0.0014471113738990056	0.0038859414919112417	0.5869920473209986	1194.0	0.13	 NA	0.8	0.926829268292683	0.2	19753	Mon_Dec_02_16	Min3.xml	60	SPEA2	200	20000	0.9	0.4	3	1	2	1	3.0
32	SPEA	0.4621281055565679	0.0016463991607463858	0.003984906468373433	0.7748907633296703	670.0	0.065	 NA	0.7666666666666667	0.9111111111111111	0.2727272727272727	20716	Mon_Dec_02_16	Min3.xml	60	SPEA2	200	20000	0.9	0.4	3	1	2	1	3.0
33	SPEA	0.44811835037816344	0.001378143919123327	0.006812761743575982	0.6195561306373356	1148.0	0.305	 NA	0.7333333333333333	0.8571428571428571	0.36363636363636365	20979	Mon_Dec_02_16	Min3.xml	60	SPEA2	200	20000	0.9	0.4	3	1	2	1	3.0
1	ILS	0.3450923564549926	0.02123310106926312	0.004866259545529606	0.44311951704082764	1633.0	0.0	0.0	 NA	0.06666666666666667	0.0	777	Mon_Dec_02_17	Min4.xml	60	ILS	200	20000	0.9	0.4	3	1	2	1	3.0
2	ILS	0.3597644215477604	0.023011641399274328	0.003980026465943743	0.3878005615694484	1133.0	0.0	0.0	 NA	0.038461538461538464	0.0	689	Mon_Dec_02_17	Min4.xml	60	ILS	200	20000	0.9	0.4	3	1	2	1	3.0
3	ILS	0.34547699227720474	0.022641080203017905	0.00463013308084769	0.5064298106900111	1122.0	0.0	0.0	 NA	0.05128205128205128	0.0	737	Mon_Dec_02_17	Min4.xml	60	ILS	200	20000	0.9	0.4	3	1	2	1	3.0
4	ILS	0.33063090430782	0.0319076967248603	0.00502032841826224	0.3312008922662851	1831.0	0.0	0.0	 NA	0.0	0.0	739	Mon_Dec_02_17	Min4.xml	60	ILS	200	20000	0.9	0.4	3	1	2	1	3.0
5	ILS	0.3246539086076312	0.032246505622356016	0.005538365469065	0.3514826815538731	1750.0	0.0	0.0	 NA	0.11764705882352941	0.0	557	Mon_Dec_02_17	Min4.xml	60	ILS	200	20000	0.9	0.4	3	1	2	1	3.0
6	ILS	0.34159056069238586	0.026933188365631987	0.00470266432396017	0.28778674108179547	1664.0	0.0	0.0	 NA	0.0	0.0	897	Mon_Dec_02_17	Min4.xml	60	ILS	200	20000	0.9	0.4	3	1	2	1	3.0
7	ILS	0.31665436674415653	0.03382987952454763	0.005222392821225533	0.3561465787799069	2418.0	0.0	0.0	 NA	0.046511627906976744	0.0	810	Mon_Dec_02_17	Min4.xml	60	ILS	200	20000	0.9	0.4	3	1	2	1	3.0
8	ILS	0.3342043670321217	0.030148473865616057	0.0047190611468057005	0.283602200549615	1983.0	0.0	0.0	 NA	0.021739130434782608	0.0	705	Mon_Dec_02_17	Min4.xml	60	ILS	200	20000	0.9	0.4	3	1	2	1	3.0
9	ILS	0.34050251632790557	0.030946369380083598	0.00495144068659122	0.3106625926057583	1901.0	0.0	0.0	 NA	0.0	0.0	715	Mon_Dec_02_17	Min4.xml	60	ILS	200	20000	0.9	0.4	3	1	2	1	3.0
10	ILS	0.33455117181782285	0.029380283653201493	0.004994414397061923	0.27559925880046415	971.0	0.0	0.0	 NA	0.0	0.0	688	Mon_Dec_02_17	Min4.xml	60	ILS	200	20000	0.9	0.4	3	1	2	1	3.0
11	ILS	0.34857229184644123	0.02880906340017919	0.0043277903094259395	0.27107906435209056	974.0	0.0	0.0	 NA	0.07894736842105263	0.0	633	Mon_Dec_02_17	Min4.xml	60	ILS	200	20000	0.9	0.4	3	1	2	1	3.0
12	ILS	0.3059534433969389	0.034002565973117425	0.005942754683165241	0.3253192161425302	1794.0	0.0	0.0	 NA	0.0	0.0	689	Mon_Dec_02_17	Min4.xml	60	ILS	200	20000	0.9	0.4	3	1	2	1	3.0
13	ILS	0.31290369776811666	0.03151564455948377	0.005798793840860149	0.2522986275960927	1243.0	0.0	0.0	 NA	0.037037037037037035	0.0	536	Mon_Dec_02_17	Min4.xml	60	ILS	200	20000	0.9	0.4	3	1	2	1	3.0
14	ILS	0.31761244149278184	0.032158673263916075	0.005101567627425787	0.3350864550819111	2612.0	0.0	0.0	 NA	0.0425531914893617	0.0	587	Mon_Dec_02_17	Min4.xml	60	ILS	200	20000	0.9	0.4	3	1	2	1	3.0
15	ILS	0.3243427582752811	0.031546766303319235	0.005176680575530061	0.26429794070132806	1422.0	0.0	0.0	 NA	0.022727272727272728	0.0	404	Mon_Dec_02_17	Min4.xml	60	ILS	200	20000	0.9	0.4	3	1	2	1	3.0
16	ILS	0.3297229029251517	0.02983647095982151	0.005017027941471462	0.3454376676916696	1994.0	0.0	0.0	 NA	0.0	0.0	678	Mon_Dec_02_17	Min4.xml	60	ILS	200	20000	0.9	0.4	3	1	2	1	3.0
17	ILS	0.3155047287708978	0.03123025668517638	0.005807507129271415	0.3413717210603762	2522.0	0.0	0.0	 NA	0.02702702702702703	0.0	510	Mon_Dec_02_17	Min4.xml	60	ILS	200	20000	0.9	0.4	3	1	2	1	3.0
18	ILS	0.3434019739425071	0.03116770274255787	0.004661749900073576	0.32124195295056784	2497.0	0.0	0.0	 NA	0.0	0.0	631	Mon_Dec_02_17	Min4.xml	60	ILS	200	20000	0.9	0.4	3	1	2	1	3.0
19	ILS	0.32680456293547283	0.03079785197185842	0.005264562308167752	0.3186522807968241	1396.0	0.0	0.0	 NA	0.0	0.0	648	Mon_Dec_02_17	Min4.xml	60	ILS	200	20000	0.9	0.4	3	1	2	1	3.0
20	ILS	0.333786254969711	0.0327263783297853	0.004919085270451063	0.2960021967417669	1351.0	0.0	0.0	 NA	0.041666666666666664	0.0	643	Mon_Dec_02_17	Min4.xml	60	ILS	200	20000	0.9	0.4	3	1	2	1	3.0
21	ILS	0.32835664113772595	0.03205731720592701	0.005108621406367993	0.26888722201961845	1675.0	0.0	0.0	 NA	0.0	0.0	634	Mon_Dec_02_17	Min4.xml	60	ILS	200	20000	0.9	0.4	3	1	2	1	3.0
22	ILS	0.3431014354038908	0.03129276101684767	0.00458462085390017	0.3507450734111834	1697.0	0.0	0.0	 NA	0.046511627906976744	0.0	655	Mon_Dec_02_17	Min4.xml	60	ILS	200	20000	0.9	0.4	3	1	2	1	3.0
23	ILS	0.3347792034053366	0.03230903228831018	0.004977170920531943	0.2884524467148887	2165.0	0.0	0.0	 NA	0.0	0.0	751	Mon_Dec_02_17	Min4.xml	60	ILS	200	20000	0.9	0.4	3	1	2	1	3.0
24	ILS	0.31248002199837716	0.03419581366878361	0.005967773881457459	0.35541287909716973	2290.0	0.0	0.0	 NA	0.0	0.0	496	Mon_Dec_02_17	Min4.xml	60	ILS	200	20000	0.9	0.4	3	1	2	1	3.0
25	ILS	0.3380212283687787	0.027737750751539315	0.004754127271194144	0.2698586313710894	1640.0	0.0	0.0	 NA	0.0	0.0	635	Mon_Dec_02_17	Min4.xml	60	ILS	200	20000	0.9	0.4	3	1	2	1	3.0
26	ILS	0.319767863548339	0.029327128871037892	0.005334355542879034	0.3420586868638804	1774.0	0.0	0.0	 NA	0.07142857142857142	0.0	674	Mon_Dec_02_17	Min4.xml	60	ILS	200	20000	0.9	0.4	3	1	2	1	3.0
27	ILS	0.3352766558902438	0.032020894636778846	0.004629794000402088	0.4096804733021703	2517.0	0.0	0.0	 NA	0.046511627906976744	0.0	501	Mon_Dec_02_17	Min4.xml	60	ILS	200	20000	0.9	0.4	3	1	2	1	3.0
28	ILS	0.32575444903703865	0.030289729569296233	0.0050156664214420325	0.2863064470771394	1321.0	0.0	0.0	 NA	0.02127659574468085	0.0	555	Mon_Dec_02_17	Min4.xml	60	ILS	200	20000	0.9	0.4	3	1	2	1	3.0
29	ILS	0.3248985813306975	0.03372428381525127	0.004895904575631034	0.2899414493429336	2298.0	0.0	0.0	 NA	0.0	0.0	576	Mon_Dec_02_17	Min4.xml	60	ILS	200	20000	0.9	0.4	3	1	2	1	3.0
30	ILS	0.3366923542599362	0.03391302807326045	0.004905494751553404	0.347436508840112	1669.0	0.0	0.0	 NA	0.07272727272727272	0.0	677	Mon_Dec_02_17	Min4.xml	60	ILS	200	20000	0.9	0.4	3	1	2	1	3.0
31	ILS	0.32714849295794396	0.03373264847341577	0.005184345403611321	0.4343177314913491	2713.0	0.0	0.0	 NA	0.0	0.0	708	Mon_Dec_02_17	Min4.xml	60	ILS	200	20000	0.9	0.4	3	1	2	1	3.0
32	ILS	0.3201249546726286	0.034801475113835814	0.005499579805232972	0.2945880346606419	2592.0	0.0	0.0	 NA	0.022222222222222223	0.0	712	Mon_Dec_02_17	Min4.xml	60	ILS	200	20000	0.9	0.4	3	1	2	1	3.0
33	ILS	0.33849188377893524	0.03302871468444077	0.00481562108771066	0.3361183363274591	1467.0	0.0	0.0	 NA	0.0	0.0	623	Mon_Dec_02_17	Min4.xml	60	ILS	200	20000	0.9	0.4	3	1	2	1	3.0
1	OPMOP	0.4006139931368628	0.009824224117183403	0.003914537475713418	0.7515953370844993	2465.0	0.0	0.0	0.7	 NA	0.0	4379	Mon_Dec_02_16	Min3.xml	60	OPMOP_GA	200	20000	0.9	0.4	3	1	2	1	3.0
2	OPMOP	0.4038899713849404	0.00870427444686294	0.003980976273173339	0.7767673079524917	2616.0	0.0	0.0	0.7666666666666667	 NA	0.0	3421	Mon_Dec_02_16	Min3.xml	60	OPMOP_GA	200	20000	0.9	0.4	3	1	2	1	3.0
3	OPMOP	0.39844589354389337	0.010366766850696582	0.0036180794145386787	0.7760032950582598	2844.0	0.0	0.0	0.7166666666666667	 NA	0.0	3311	Mon_Dec_02_16	Min3.xml	60	OPMOP_GA	200	20000	0.9	0.4	3	1	2	1	3.0
4	OPMOP	0.40725181437168606	0.008193458333794673	0.0034038886234084463	0.8118014365936324	2216.0	0.0	0.0	0.7666666666666667	 NA	0.0	3216	Mon_Dec_02_16	Min3.xml	60	OPMOP_GA	200	20000	0.9	0.4	3	1	2	1	3.0
5	OPMOP	0.41697183275365385	0.007460295744230112	0.003003784018145052	0.7757374955674023	1995.0	0.0	0.0	0.6666666666666666	 NA	0.0	3482	Mon_Dec_02_16	Min3.xml	60	OPMOP_GA	200	20000	0.9	0.4	3	1	2	1	3.0
6	OPMOP	0.40074907875547244	0.010100638220277793	0.0043006398583090725	0.7368786057757644	2234.0	0.0	0.0	0.7333333333333333	 NA	0.0	3629	Mon_Dec_02_16	Min3.xml	60	OPMOP_GA	200	20000	0.9	0.4	3	1	2	1	3.0
7	OPMOP	0.4029247670496389	0.009755665276509291	0.003677045519134083	0.7445361485249733	1559.0	0.0	0.0	0.7666666666666667	 NA	0.0	3387	Mon_Dec_02_16	Min3.xml	60	OPMOP_GA	200	20000	0.9	0.4	3	1	2	1	3.0
8	OPMOP	0.3997671229884671	0.009923165442001976	0.0037144070421714806	0.7102610712596347	2788.0	0.0	0.0	0.7	 NA	0.0	3555	Mon_Dec_02_16	Min3.xml	60	OPMOP_GA	200	20000	0.9	0.4	3	1	2	1	3.0
9	OPMOP	0.4024930070610183	0.010069325436404323	0.003399212478869136	0.6981714897662848	2642.0	0.0	0.0	0.8333333333333334	 NA	0.0	3528	Mon_Dec_02_16	Min3.xml	60	OPMOP_GA	200	20000	0.9	0.4	3	1	2	1	3.0
10	OPMOP	0.4036534948068985	0.009958393143362073	0.0037524898865023046	0.8144586823917024	2276.0	0.0	0.0	0.7666666666666667	 NA	0.0	3531	Mon_Dec_02_16	Min3.xml	60	OPMOP_GA	200	20000	0.9	0.4	3	1	2	1	3.0
11	OPMOP	0.4040969836773648	0.008624465109792825	0.0036641997915233602	0.7611279659192618	2824.0	0.0	0.0	0.7	 NA	0.0	3635	Mon_Dec_02_16	Min3.xml	60	OPMOP_GA	200	20000	0.9	0.4	3	1	2	1	3.0
12	OPMOP	0.39889799366411094	0.010125704275258718	0.0036691127591341973	0.7205484685885785	2553.0	0.0	0.0	0.7666666666666667	 NA	0.0	3407	Mon_Dec_02_16	Min3.xml	60	OPMOP_GA	200	20000	0.9	0.4	3	1	2	1	3.0
13	OPMOP	0.3963680574956992	0.009398749264517324	0.003915983391720689	0.7259132431741532	3165.0	0.0	0.0	0.7	 NA	0.0	3310	Mon_Dec_02_16	Min3.xml	60	OPMOP_GA	200	20000	0.9	0.4	3	1	2	1	3.0
14	OPMOP	0.4046217428813071	0.008838533056626876	0.0037540927681359985	0.7296602392135523	2610.0	0.0	0.0	0.7	 NA	0.0	3376	Mon_Dec_02_16	Min3.xml	60	OPMOP_GA	200	20000	0.9	0.4	3	1	2	1	3.0
15	OPMOP	0.40642837047379654	0.00898856278072241	0.003369251265840245	0.6979331187944012	2602.0	0.0	0.0	0.7333333333333333	 NA	0.0	3405	Mon_Dec_02_16	Min3.xml	60	OPMOP_GA	200	20000	0.9	0.4	3	1	2	1	3.0
16	OPMOP	0.4122667342352842	0.009243711868433048	0.003103535569603501	0.8112642733108025	2114.0	0.0	0.0	0.6666666666666666	 NA	0.0	3242	Mon_Dec_02_16	Min3.xml	60	OPMOP_GA	200	20000	0.9	0.4	3	1	2	1	3.0
17	OPMOP	0.4027346920080495	0.009972386592874078	0.003630131582004513	0.7207972669964412	2929.0	0.0	0.0	0.6666666666666666	 NA	0.0	3400	Mon_Dec_02_16	Min3.xml	60	OPMOP_GA	200	20000	0.9	0.4	3	1	2	1	3.0
18	OPMOP	0.40803893606267944	0.008730558978841176	0.0034678772035878808	0.7710710812832371	2217.0	0.0	0.0	0.8333333333333334	 NA	0.0	3533	Mon_Dec_02_16	Min3.xml	60	OPMOP_GA	200	20000	0.9	0.4	3	1	2	1	3.0
19	OPMOP	0.40760958954944515	0.008483733164579411	0.0036222196682776046	0.6981747510489639	2438.0	0.0	0.0	0.6666666666666666	 NA	0.0	3298	Mon_Dec_02_16	Min3.xml	60	OPMOP_GA	200	20000	0.9	0.4	3	1	2	1	3.0
20	OPMOP	0.3956048380129871	0.011150579863207902	0.004109339875245242	0.7603363981470005	2720.0	0.0	0.0	0.7	 NA	0.0	3467	Mon_Dec_02_16	Min3.xml	60	OPMOP_GA	200	20000	0.9	0.4	3	1	2	1	3.0
21	OPMOP	0.4073189847277321	0.009892318238830838	0.0033913643566823946	0.724914501033388	2023.0	0.0	0.0	0.7	 NA	0.0	3441	Mon_Dec_02_16	Min3.xml	60	OPMOP_GA	200	20000	0.9	0.4	3	1	2	1	3.0
22	OPMOP	0.4015284177761753	0.01053943107418428	0.0035630732450703086	0.7418307176278056	2533.0	0.0	0.0	0.6666666666666666	 NA	0.0	3226	Mon_Dec_02_16	Min3.xml	60	OPMOP_GA	200	20000	0.9	0.4	3	1	2	1	3.0
23	OPMOP	0.3995597450344184	0.00810931792998723	0.0036223898096705066	0.8036180781693116	2769.0	0.0	0.0	0.7	 NA	0.0	3243	Mon_Dec_02_16	Min3.xml	60	OPMOP_GA	200	20000	0.9	0.4	3	1	2	1	3.0
24	OPMOP	0.4079194782676919	0.009514234325912804	0.0034772103612733165	0.8035774310126873	2073.0	0.0	0.0	0.7666666666666667	 NA	0.0	3626	Mon_Dec_02_16	Min3.xml	60	OPMOP_GA	200	20000	0.9	0.4	3	1	2	1	3.0
25	OPMOP	0.40982100999326593	0.008817508908701475	0.003484321085412102	0.7651224402391925	1651.0	0.0	0.0	0.7333333333333333	 NA	0.0	3406	Mon_Dec_02_16	Min3.xml	60	OPMOP_GA	200	20000	0.9	0.4	3	1	2	1	3.0
26	OPMOP	0.4029936114078603	0.009421176263114204	0.003390005694045494	0.7679242639806503	2564.0	0.0	0.0	0.6666666666666666	 NA	0.0	3315	Mon_Dec_02_16	Min3.xml	60	OPMOP_GA	200	20000	0.9	0.4	3	1	2	1	3.0
27	OPMOP	0.40033741222626856	0.008910370276176015	0.004071312257169467	0.8137193673597151	2897.0	0.0	0.0	0.7	 NA	0.0	3433	Mon_Dec_02_16	Min3.xml	60	OPMOP_GA	200	20000	0.9	0.4	3	1	2	1	3.0
28	OPMOP	0.3993238438436873	0.010000331014708794	0.00402729174321717	0.7257435033600885	2653.0	0.0	0.0	0.7666666666666667	 NA	0.0	3620	Mon_Dec_02_16	Min3.xml	60	OPMOP_GA	200	20000	0.9	0.4	3	1	2	1	3.0
29	OPMOP	0.4080803150492743	0.008775482052412718	0.0036535143294945654	0.8072962239624405	2053.0	0.0	0.0	0.8	 NA	0.0	3364	Mon_Dec_02_16	Min3.xml	60	OPMOP_GA	200	20000	0.9	0.4	3	1	2	1	3.0
30	OPMOP	0.40032055484505985	0.010198995531418033	0.003742447465504576	0.7025173835375635	2927.0	0.0	0.0	0.7	 NA	0.0	3589	Mon_Dec_02_16	Min3.xml	60	OPMOP_GA	200	20000	0.9	0.4	3	1	2	1	3.0
31	OPMOP	0.4102760055232836	0.010088869875822517	0.003697884427089639	0.7878345534531261	2371.0	0.0	0.0	0.8333333333333334	 NA	0.0	3237	Mon_Dec_02_16	Min3.xml	60	OPMOP_GA	200	20000	0.9	0.4	3	1	2	1	3.0
32	OPMOP	0.4039207499877479	0.008708787838376152	0.003569344804401768	0.774708469187995	2074.0	0.0	0.0	0.7666666666666667	 NA	0.0	3258	Mon_Dec_02_16	Min3.xml	60	OPMOP_GA	200	20000	0.9	0.4	3	1	2	1	3.0
33	OPMOP	0.4005167276881479	0.009868566044402897	0.004002564265898789	0.7791349096145005	2517.0	0.0	0.0	0.7666666666666667	 NA	0.0	3403	Mon_Dec_02_16	Min3.xml	60	OPMOP_GA	200	20000	0.9	0.4	3	1	2	1	3.0
1	MILS	0.41618727015069934	0.008183832852149324	0.006136304913533567	0.7733602741703746	1997.0	0.0	0.0	0.0	0.0	 NA	3219	Mon_Dec_02_16	Min3.xml	60	MILS	200	20000	0.9	0.4	3	1	2	1	3.0
2	MILS	0.4284661174027006	0.007330019326363969	0.0071694211721347835	0.7515898616343805	850.0	0.0	0.0	0.0	0.0	 NA	3430	Mon_Dec_02_16	Min3.xml	60	MILS	200	20000	0.9	0.4	3	1	2	1	3.0
3	MILS	0.4079292250788021	0.007226031485909433	0.005002300909036137	0.8081218244052777	448.0	0.0	0.0	0.0	0.0	 NA	3169	Mon_Dec_02_16	Min3.xml	60	MILS	200	20000	0.9	0.4	3	1	2	1	3.0
4	MILS	0.41769729998281985	0.009015363110954987	0.004963750071121394	0.6647471656223176	2478.0	0.0	0.0	0.0	0.0	 NA	3329	Mon_Dec_02_16	Min3.xml	60	MILS	200	20000	0.9	0.4	3	1	2	1	3.0
5	MILS	0.4353849335674872	0.006610276853325751	0.0039002574181396794	0.6976541465179823	856.0	0.0	0.0	0.0	0.0	 NA	3170	Mon_Dec_02_16	Min3.xml	60	MILS	200	20000	0.9	0.4	3	1	2	1	3.0
6	MILS	0.42341261127278834	0.0062267331312102995	0.004262567179829172	0.6504310164038322	2704.0	0.0	0.0	0.0	0.0	 NA	2863	Mon_Dec_02_16	Min3.xml	60	MILS	200	20000	0.9	0.4	3	1	2	1	3.0
7	MILS	0.4300882227943133	0.007123342051987941	0.0057333851828235815	0.7155521618850316	1906.0	0.0	0.0	0.0	0.0	 NA	3234	Mon_Dec_02_16	Min3.xml	60	MILS	200	20000	0.9	0.4	3	1	2	1	3.0
8	MILS	0.42389167309698667	0.007723252723592147	0.0055827597291476065	0.7507659411029945	504.0	0.0	0.0	0.0	0.0	 NA	3322	Mon_Dec_02_16	Min3.xml	60	MILS	200	20000	0.9	0.4	3	1	2	1	3.0
9	MILS	0.42443187321875786	0.007688883066562352	0.0056722250642752565	0.7120101936906863	1449.0	0.0	0.0	0.0	0.0	 NA	3122	Mon_Dec_02_16	Min3.xml	60	MILS	200	20000	0.9	0.4	3	1	2	1	3.0
10	MILS	0.40537908732814587	0.008219931239196045	0.005674643233581927	0.8030972192153542	2990.0	0.0	0.0	0.0	0.0	 NA	3227	Mon_Dec_02_16	Min3.xml	60	MILS	200	20000	0.9	0.4	3	1	2	1	3.0
11	MILS	0.39675886120908266	0.010694598733083005	0.00804231327191098	0.8030418724594924	2974.0	0.0	0.0	0.0	0.0	 NA	3164	Mon_Dec_02_16	Min3.xml	60	MILS	200	20000	0.9	0.4	3	1	2	1	3.0
12	MILS	0.4371373258801389	0.007991042178265885	0.004934463238570718	0.7271649611903396	1880.0	0.0	0.0	0.0	0.0	 NA	3170	Mon_Dec_02_16	Min3.xml	60	MILS	200	20000	0.9	0.4	3	1	2	1	3.0
13	MILS	0.4258094406333411	0.011869808522389258	0.007135882608945933	0.7632091895579098	1489.0	0.0	0.0	0.0	0.0	 NA	4290	Mon_Dec_02_16	Min3.xml	60	MILS	200	20000	0.9	0.4	3	1	2	1	3.0
14	MILS	0.410327767018017	0.0068188195928898	0.006738609919220534	0.8213858688633763	2998.0	0.0	0.0	0.0	0.0	 NA	3197	Mon_Dec_02_16	Min3.xml	60	MILS	200	20000	0.9	0.4	3	1	2	1	3.0
15	MILS	0.41421704511286456	0.006955518942781587	0.0073978738291131585	0.7634844205552012	1855.0	0.0	0.0	0.0	0.0	 NA	3214	Mon_Dec_02_16	Min3.xml	60	MILS	200	20000	0.9	0.4	3	1	2	1	3.0
16	MILS	0.4159537378822291	0.004320894346766586	0.005289444152762426	0.7154276406879616	2927.0	0.0	0.0	0.0	0.0	 NA	3023	Mon_Dec_02_16	Min3.xml	60	MILS	200	20000	0.9	0.4	3	1	2	1	3.0
17	MILS	0.3990176313015913	0.006261142858192166	0.006056601563882391	0.7054969306237321	3464.0	0.0	0.0	0.0	0.0	 NA	2932	Mon_Dec_02_16	Min3.xml	60	MILS	200	20000	0.9	0.4	3	1	2	1	3.0
18	MILS	0.43266923803398144	0.008960118877890307	0.004675851261777269	0.7466288376873567	1435.0	0.0	0.0	0.0	0.0	 NA	3273	Mon_Dec_02_16	Min3.xml	60	MILS	200	20000	0.9	0.4	3	1	2	1	3.0
19	MILS	0.42327392174102313	0.008424056874494965	0.0048508500138331	0.7763709023572157	1678.0	0.0	0.0	0.0	0.0	 NA	3091	Mon_Dec_02_16	Min3.xml	60	MILS	200	20000	0.9	0.4	3	1	2	1	3.0
20	MILS	0.4260386729819092	0.00555324338754807	0.0050790426756411764	0.6992986091931488	2756.0	0.0	0.0	0.0	0.0	 NA	3007	Mon_Dec_02_16	Min3.xml	60	MILS	200	20000	0.9	0.4	3	1	2	1	3.0
21	MILS	0.4149426307881436	0.009116063700977057	0.007428781837721082	0.7926278975395488	1056.0	0.0	0.0	0.0	0.0	 NA	3262	Mon_Dec_02_16	Min3.xml	60	MILS	200	20000	0.9	0.4	3	1	2	1	3.0
22	MILS	0.412618659913717	0.008130759589363865	0.009096578188806177	0.8044762980333366	2182.0	0.0	0.0	0.0	0.0	 NA	3374	Mon_Dec_02_16	Min3.xml	60	MILS	200	20000	0.9	0.4	3	1	2	1	3.0
23	MILS	0.4034608090608452	0.00939020681507925	0.006012974620679109	0.7546490040735566	2244.0	0.0	0.0	0.0	0.0	 NA	3060	Mon_Dec_02_16	Min3.xml	60	MILS	200	20000	0.9	0.4	3	1	2	1	3.0
24	MILS	0.41019164037760614	0.007624061371618951	0.006217460972916845	0.7705655765931855	2630.0	0.0	0.0	0.0	0.0	 NA	3165	Mon_Dec_02_16	Min3.xml	60	MILS	200	20000	0.9	0.4	3	1	2	1	3.0
25	MILS	0.4047866117207101	0.008805649608673586	0.0060412531676228625	0.7549901723684466	2566.0	0.0	0.0	0.0	0.0	 NA	3071	Mon_Dec_02_16	Min3.xml	60	MILS	200	20000	0.9	0.4	3	1	2	1	3.0
26	MILS	0.42649742021105796	0.007734684204639736	0.004604008022160758	0.7511601577987795	1388.0	0.0	0.0	0.0	0.0	 NA	3106	Mon_Dec_02_16	Min3.xml	60	MILS	200	20000	0.9	0.4	3	1	2	1	3.0
27	MILS	0.42040802240957	0.008034004470682487	0.0074046217211444255	0.8323143446570261	1615.0	0.0	0.0	0.0	0.0	 NA	3278	Mon_Dec_02_16	Min3.xml	60	MILS	200	20000	0.9	0.4	3	1	2	1	3.0
28	MILS	0.41705288195149637	0.007539876275462897	0.00496036545743958	0.7089670922882485	2396.0	0.0	0.0	0.0	0.0	 NA	3049	Mon_Dec_02_16	Min3.xml	60	MILS	200	20000	0.9	0.4	3	1	2	1	3.0
29	MILS	0.4343528886779317	0.007275500048325215	0.004318111209450541	0.7114632417038156	1605.0	0.0	0.0	0.0	0.0	 NA	3212	Mon_Dec_02_16	Min3.xml	60	MILS	200	20000	0.9	0.4	3	1	2	1	3.0
30	MILS	0.4284796648127133	0.007986085104237131	0.004647139337936306	0.6596675296118899	1927.0	0.0	0.0	0.0	0.0	 NA	3215	Mon_Dec_02_16	Min3.xml	60	MILS	200	20000	0.9	0.4	3	1	2	1	3.0
31	MILS	0.4135919261913371	0.0049028665982946504	0.006365696027212986	0.7541831006123282	2667.0	0.0	0.0	0.0	0.0	 NA	3122	Mon_Dec_02_16	Min3.xml	60	MILS	200	20000	0.9	0.4	3	1	2	1	3.0
32	MILS	0.4332177386202896	0.007851210969378871	0.003592982757524215	0.6654247001530577	834.0	0.0	0.0	0.0	0.0	 NA	3167	Mon_Dec_02_16	Min3.xml	60	MILS	200	20000	0.9	0.4	3	1	2	1	3.0
33	MILS	0.4149486101435295	0.007413434040353345	0.005152212250781738	0.7189832419319818	3016.0	0.0	0.0	0.0	0.0	 NA	3095	Mon_Dec_02_16	Min3.xml	60	MILS	200	20000	0.9	0.4	3	1	2	1	3.0
