ID_EXPERIMENTO	 ALGORITMO	 HYPER_VOLUME	 GD	 IGD	 SPREAD	 EPSILON	 CS.NSGA	 CS.SPEA	 CS.ILS	 CS.OPMOP	 CS.MILS	 TEMPO_EXEC	 DATA_HORA_EXECUCAO	 CENARIO	 TEMPO_SIMULACAO	 ALGORITMO 	 TAM_POP	 NUM_AVA_FUNC_OBJ	 PROB_CRUZ	 PROB_MUT	 NUM_OBJ	 TIPO_CODIFICACAO	 TIPO_CRUZAMENTO	 TIPO_MUTACAO	 CONJUNTO_OBJ
1	NSGA	0.37692224759713316	0.0018061193880025642	0.0032341099792714935	0.5977505602806812	3921.0	 NA	0.4925	0.5909090909090909	0.9256756756756757	0.3333333333333333	7155	Mon_Dec_02_17	Min4.xml	60	NSGAII	200	20000	0.9	0.4	3	1	2	1	3.0
2	NSGA	0.40223198281721895	0.001751266913329605	0.0028787328504837144	0.6549816961433108	2904.0	 NA	0.4375	0.6363636363636364	0.9171270718232044	0.25	7016	Mon_Dec_02_17	Min4.xml	60	NSGAII	200	20000	0.9	0.4	3	1	2	1	3.0
3	NSGA	0.4064107919207535	0.0019058101229019566	0.0029222017957865674	0.6437450199947377	2549.0	 NA	0.4425	0.6363636363636364	0.9623655913978495	0.3333333333333333	7129	Mon_Dec_02_17	Min4.xml	60	NSGAII	200	20000	0.9	0.4	3	1	2	1	3.0
4	NSGA	0.4164576766553856	0.002055100576711319	0.002579633711994302	0.6084028216395964	2666.0	 NA	0.3625	0.6818181818181818	0.9247311827956989	0.375	7144	Mon_Dec_02_17	Min4.xml	60	NSGAII	200	20000	0.9	0.4	3	1	2	1	3.0
5	NSGA	0.4064011694958238	0.002088899965401916	0.0024951045719415455	0.555617658462371	2694.0	 NA	0.305	0.6363636363636364	0.9482758620689655	0.5263157894736842	6840	Mon_Dec_02_17	Min4.xml	60	NSGAII	200	20000	0.9	0.4	3	1	2	1	3.0
6	NSGA	0.4276783274708507	0.0021002907524755652	0.002212063823567925	0.6100766712401352	1499.0	 NA	0.3025	0.7727272727272727	0.9556962025316456	0.3125	6775	Mon_Dec_02_17	Min4.xml	60	NSGAII	200	20000	0.9	0.4	3	1	2	1	3.0
7	NSGA	0.43527174659824724	0.0019497396238527386	0.002512015817542662	0.620982935709731	1263.0	 NA	0.33	0.7727272727272727	0.9698795180722891	0.07692307692307693	6891	Mon_Dec_02_17	Min4.xml	60	NSGAII	200	20000	0.9	0.4	3	1	2	1	3.0
8	NSGA	0.41084182114708356	0.0019555566698325607	0.0028286786451683934	0.6689793192284539	2196.0	 NA	0.0975	0.6818181818181818	0.8940397350993378	0.3157894736842105	6939	Mon_Dec_02_17	Min4.xml	60	NSGAII	200	20000	0.9	0.4	3	1	2	1	3.0
9	NSGA	0.42682803750995	0.0017596250902939202	0.0026185869102235823	0.6089474604629774	3022.0	 NA	0.5275	0.6363636363636364	0.9666666666666667	0.3125	6897	Mon_Dec_02_17	Min4.xml	60	NSGAII	200	20000	0.9	0.4	3	1	2	1	3.0
10	NSGA	0.394124506374958	0.001894055404843725	0.003358488488344481	0.64205782477041	3777.0	 NA	0.4975	0.6363636363636364	0.9054054054054054	0.3333333333333333	6852	Mon_Dec_02_17	Min4.xml	60	NSGAII	200	20000	0.9	0.4	3	1	2	1	3.0
11	NSGA	0.4139508292530509	0.0020437702923917795	0.002305009598620373	0.5615295567314824	2819.0	 NA	0.35	0.6818181818181818	0.9520958083832335	0.3	6837	Mon_Dec_02_17	Min4.xml	60	NSGAII	200	20000	0.9	0.4	3	1	2	1	3.0
12	NSGA	0.4122396041574272	0.0022538207633330666	0.0026986390628625503	0.5468230570891397	2646.0	 NA	0.2525	0.5909090909090909	0.9272727272727272	0.2	6815	Mon_Dec_02_17	Min4.xml	60	NSGAII	200	20000	0.9	0.4	3	1	2	1	3.0
13	NSGA	0.4115247054595954	0.0018340748082629032	0.0025366048162438733	0.533005092793808	3056.0	 NA	0.4375	0.6363636363636364	0.9294117647058824	0.3888888888888889	6859	Mon_Dec_02_17	Min4.xml	60	NSGAII	200	20000	0.9	0.4	3	1	2	1	3.0
14	NSGA	0.3910769602851746	0.0016515355313243018	0.003232450829344258	0.615961531078709	3439.0	 NA	0.505	0.5909090909090909	0.8875	0.4	7061	Mon_Dec_02_17	Min4.xml	60	NSGAII	200	20000	0.9	0.4	3	1	2	1	3.0
15	NSGA	0.40739508585216055	0.0016986722130065217	0.0033479498378108956	0.6359227889976716	2962.0	 NA	0.4425	0.6363636363636364	0.8309859154929577	0.1875	7227	Mon_Dec_02_17	Min4.xml	60	NSGAII	200	20000	0.9	0.4	3	1	2	1	3.0
16	NSGA	0.40478631578288604	0.001918838254554131	0.0027085363617526284	0.5741002921712053	3409.0	 NA	0.425	0.6818181818181818	0.95625	0.1875	6891	Mon_Dec_02_17	Min4.xml	60	NSGAII	200	20000	0.9	0.4	3	1	2	1	3.0
17	NSGA	0.4231273020166381	0.0025321287002485595	0.0022255036292054904	0.5442741843725825	1608.0	 NA	0.235	0.7272727272727273	0.8857142857142857	0.2222222222222222	7097	Mon_Dec_02_17	Min4.xml	60	NSGAII	200	20000	0.9	0.4	3	1	2	1	3.0
18	NSGA	0.4160631918218348	0.001766958093609959	0.002675113051270652	0.6345756709495379	2131.0	 NA	0.425	0.5909090909090909	0.9367088607594937	0.2857142857142857	7052	Mon_Dec_02_17	Min4.xml	60	NSGAII	200	20000	0.9	0.4	3	1	2	1	3.0
19	NSGA	0.41475174093886297	0.001999369346945044	0.0023993873813356577	0.6373838430628116	2505.0	 NA	0.2875	0.6363636363636364	0.9056603773584906	0.07142857142857142	7024	Mon_Dec_02_17	Min4.xml	60	NSGAII	200	20000	0.9	0.4	3	1	2	1	3.0
20	NSGA	0.40766215705740694	0.00184450586777417	0.0025885390630598975	0.6131561932979958	3023.0	 NA	0.31	0.6818181818181818	0.9577464788732394	0.17647058823529413	6692	Mon_Dec_02_17	Min4.xml	60	NSGAII	200	20000	0.9	0.4	3	1	2	1	3.0
21	NSGA	0.4236887307327931	0.001813336061315277	0.0026212758687303205	0.6661985620254672	1826.0	 NA	0.495	0.6818181818181818	0.9461077844311377	0.5454545454545454	6963	Mon_Dec_02_17	Min4.xml	60	NSGAII	200	20000	0.9	0.4	3	1	2	1	3.0
22	NSGA	0.4155448986171097	0.0018521144502675927	0.0027191804382089555	0.6122149492191884	2527.0	 NA	0.5	0.6818181818181818	0.9194630872483222	0.25	6847	Mon_Dec_02_17	Min4.xml	60	NSGAII	200	20000	0.9	0.4	3	1	2	1	3.0
23	NSGA	0.40631245679120287	0.001971009866524627	0.0027242203091390094	0.6413690680780564	2858.0	 NA	0.335	0.5909090909090909	0.9513513513513514	0.2222222222222222	6844	Mon_Dec_02_17	Min4.xml	60	NSGAII	200	20000	0.9	0.4	3	1	2	1	3.0
24	NSGA	0.44534735973770384	0.0020111868962556668	0.0022610191502308924	0.5479417286579304	1496.0	 NA	0.44	0.8636363636363636	0.9878048780487805	0.35	6884	Mon_Dec_02_17	Min4.xml	60	NSGAII	200	20000	0.9	0.4	3	1	2	1	3.0
25	NSGA	0.44533378509177224	0.001649229214242664	0.0028318787512640283	0.6151754402868457	1486.0	 NA	0.5225	0.7727272727272727	0.9453551912568307	0.2	7172	Mon_Dec_02_17	Min4.xml	60	NSGAII	200	20000	0.9	0.4	3	1	2	1	3.0
26	NSGA	0.3999986076762171	0.0019872050598982796	0.002526880037596587	0.5867817117728619	3297.0	 NA	0.3625	0.6363636363636364	0.9221556886227545	0.3333333333333333	7049	Mon_Dec_02_17	Min4.xml	60	NSGAII	200	20000	0.9	0.4	3	1	2	1	3.0
27	NSGA	0.41050279578669946	0.0021183307224766357	0.002379221618555842	0.5703188811267298	3616.0	 NA	0.19	0.6818181818181818	0.9141104294478528	0.0	6716	Mon_Dec_02_17	Min4.xml	60	NSGAII	200	20000	0.9	0.4	3	1	2	1	3.0
28	NSGA	0.4280212099684242	0.002070231792778812	0.0021086902863358846	0.5486485048323628	2608.0	 NA	0.355	0.7727272727272727	0.9715909090909091	0.06666666666666667	7112	Mon_Dec_02_17	Min4.xml	60	NSGAII	200	20000	0.9	0.4	3	1	2	1	3.0
29	NSGA	0.40099852824724447	0.001803699442811003	0.003023635121634672	0.6565069175663227	3133.0	 NA	0.5375	0.6363636363636364	0.9294117647058824	0.6	6896	Mon_Dec_02_17	Min4.xml	60	NSGAII	200	20000	0.9	0.4	3	1	2	1	3.0
30	NSGA	0.4107001109626808	0.0018870313249931975	0.0027010746041275435	0.6121235053760047	2908.0	 NA	0.48	0.6818181818181818	0.9015151515151515	0.2	6873	Mon_Dec_02_17	Min4.xml	60	NSGAII	200	20000	0.9	0.4	3	1	2	1	3.0
31	NSGA	0.4133344467902579	0.0019127328097549253	0.0031888849953769748	0.6121122993623722	2549.0	 NA	0.2625	0.7272727272727273	0.8679245283018868	0.5	6988	Mon_Dec_02_17	Min4.xml	60	NSGAII	200	20000	0.9	0.4	3	1	2	1	3.0
32	NSGA	0.3983298337897908	0.001789040947077617	0.003333000634705303	0.617032595190229	2815.0	 NA	0.435	0.6363636363636364	0.9090909090909091	0.4375	6970	Mon_Dec_02_17	Min4.xml	60	NSGAII	200	20000	0.9	0.4	3	1	2	1	3.0
33	NSGA	0.4013829969976241	0.002089761794948374	0.0028705340189849053	0.5949802300327091	2819.0	 NA	0.28	0.6363636363636364	0.910828025477707	0.17647058823529413	6864	Mon_Dec_02_17	Min4.xml	60	NSGAII	200	20000	0.9	0.4	3	1	2	1	3.0
1	SPEA	0.4032125845361126	0.0014412601199303681	0.0022363296440656797	0.46936004894548977	3303.0	0.09	 NA	0.75	0.9459459459459459	0.13333333333333333	22199	Mon_Dec_02_17	Min4.xml	60	SPEA2	200	20000	0.9	0.4	3	1	2	1	3.0
2	SPEA	0.4061473363658132	0.0015017065906787615	0.0026113249525697036	0.5052715196548699	2437.0	0.07	 NA	0.7045454545454546	0.9060773480662984	0.3125	20517	Mon_Dec_02_17	Min4.xml	60	SPEA2	200	20000	0.9	0.4	3	1	2	1	3.0
3	SPEA	0.40243927825845516	0.0017151049734254091	0.0026542696621976733	0.5585960915575008	3060.0	0.22	 NA	0.7272727272727273	0.9086021505376344	0.2777777777777778	20150	Mon_Dec_02_17	Min4.xml	60	SPEA2	200	20000	0.9	0.4	3	1	2	1	3.0
4	SPEA	0.43513386430956785	0.0013986485665445916	0.0027729574645796702	0.582925389067771	1557.0	0.195	 NA	0.8636363636363636	0.9086021505376344	0.0625	22158	Mon_Dec_02_17	Min4.xml	60	SPEA2	200	20000	0.9	0.4	3	1	2	1	3.0
5	SPEA	0.4169426705773072	0.0015355513526311576	0.0026739399232275965	0.6158506615656457	2458.0	0.125	 NA	0.7272727272727273	0.867816091954023	0.3157894736842105	19287	Mon_Dec_02_17	Min4.xml	60	SPEA2	200	20000	0.9	0.4	3	1	2	1	3.0
6	SPEA	0.39655600906463084	0.0014552927230969915	0.002653670536558514	0.5630417412775209	3668.0	0.215	 NA	0.6363636363636364	0.8987341772151899	0.25	20599	Mon_Dec_02_17	Min4.xml	60	SPEA2	200	20000	0.9	0.4	3	1	2	1	3.0
7	SPEA	0.4199537830180752	0.0017310219599821419	0.002374779729881076	0.5356455260124692	1879.0	0.13	 NA	0.7727272727272727	0.8554216867469879	0.15384615384615385	21503	Mon_Dec_02_17	Min4.xml	60	SPEA2	200	20000	0.9	0.4	3	1	2	1	3.0
8	SPEA	0.4104580544821254	0.00132216495618667	0.002989442180506358	0.5846994473990067	2176.0	0.38	 NA	0.5909090909090909	0.9006622516556292	0.2631578947368421	19928	Mon_Dec_02_17	Min4.xml	60	SPEA2	200	20000	0.9	0.4	3	1	2	1	3.0
9	SPEA	0.406173941879983	0.0015452991687962588	0.003312783727819873	0.5988409079938705	2269.0	0.115	 NA	0.6363636363636364	0.88	0.3125	19737	Mon_Dec_02_17	Min4.xml	60	SPEA2	200	20000	0.9	0.4	3	1	2	1	3.0
10	SPEA	0.40473975594477296	0.0017536603821512598	0.003023362475014389	0.5368288559844415	2738.0	0.11	 NA	0.7272727272727273	0.9121621621621622	0.2857142857142857	20239	Mon_Dec_02_17	Min4.xml	60	SPEA2	200	20000	0.9	0.4	3	1	2	1	3.0
11	SPEA	0.41592505245583333	0.0014597426276942607	0.0028646234441521866	0.6125710937474745	2097.0	0.335	 NA	0.7272727272727273	0.9161676646706587	0.3	17283	Mon_Dec_02_17	Min4.xml	60	SPEA2	200	20000	0.9	0.4	3	1	2	1	3.0
12	SPEA	0.4128132045649658	0.0015287983502738178	0.002536216374437774	0.5758414757264408	3134.0	0.235	 NA	0.6363636363636364	0.9515151515151515	0.13333333333333333	22692	Mon_Dec_02_17	Min4.xml	60	SPEA2	200	20000	0.9	0.4	3	1	2	1	3.0
13	SPEA	0.3959344690806716	0.001606799639079898	0.002615158211412761	0.5667452237719615	3509.0	0.125	 NA	0.6818181818181818	0.8529411764705882	0.2222222222222222	21399	Mon_Dec_02_17	Min4.xml	60	SPEA2	200	20000	0.9	0.4	3	1	2	1	3.0
14	SPEA	0.40559678111876607	0.0014285021405979928	0.0029041649995188677	0.5847623928359847	3042.0	0.03	 NA	0.6363636363636364	0.91875	0.26666666666666666	21104	Mon_Dec_02_17	Min4.xml	60	SPEA2	200	20000	0.9	0.4	3	1	2	1	3.0
15	SPEA	0.37244153580789696	0.0014438151574084164	0.0036022248602905955	0.5941426024027292	4462.0	0.145	 NA	0.5454545454545454	0.8943661971830986	0.25	20551	Mon_Dec_02_17	Min4.xml	60	SPEA2	200	20000	0.9	0.4	3	1	2	1	3.0
16	SPEA	0.38231689837573374	0.0016116602462865027	0.003034823782614864	0.6214351509958791	4117.0	0.18	 NA	0.6363636363636364	0.93125	0.125	22005	Mon_Dec_02_17	Min4.xml	60	SPEA2	200	20000	0.9	0.4	3	1	2	1	3.0
17	SPEA	0.3963513271595161	0.001517637670102513	0.0026682222077942515	0.5757838965020534	3255.0	0.365	 NA	0.6363636363636364	0.9657142857142857	0.2222222222222222	22109	Mon_Dec_02_17	Min4.xml	60	SPEA2	200	20000	0.9	0.4	3	1	2	1	3.0
18	SPEA	0.40117753236266723	0.0014414939868961708	0.0025048819825471903	0.4510581150033777	2802.0	0.195	 NA	0.5909090909090909	0.9556962025316456	0.19047619047619047	20473	Mon_Dec_02_17	Min4.xml	60	SPEA2	200	20000	0.9	0.4	3	1	2	1	3.0
19	SPEA	0.4141158393133251	0.0013649346153564803	0.002353427602387502	0.6473919217746773	2382.0	0.12	 NA	0.6363636363636364	0.9874213836477987	0.14285714285714285	22617	Mon_Dec_02_17	Min4.xml	60	SPEA2	200	20000	0.9	0.4	3	1	2	1	3.0
20	SPEA	0.4017593298545587	0.0014663816798588726	0.0025991226411879154	0.6109242402083701	2793.0	0.145	 NA	0.6818181818181818	0.8873239436619719	0.17647058823529413	21422	Mon_Dec_02_17	Min4.xml	60	SPEA2	200	20000	0.9	0.4	3	1	2	1	3.0
21	SPEA	0.3947441052491694	0.0015552894159293724	0.0026063023688469864	0.6157723807010081	3087.0	0.17	 NA	0.6818181818181818	0.9161676646706587	0.4090909090909091	21615	Mon_Dec_02_17	Min4.xml	60	SPEA2	200	20000	0.9	0.4	3	1	2	1	3.0
22	SPEA	0.4028757627342035	0.0014392549533572242	0.0024363218759907105	0.4487870561131912	3484.0	0.1	 NA	0.6818181818181818	0.8859060402684564	0.1875	22123	Mon_Dec_02_17	Min4.xml	60	SPEA2	200	20000	0.9	0.4	3	1	2	1	3.0
23	SPEA	0.43792384484081176	0.001597810128047674	0.00231106102672365	0.5523477324172685	1406.0	0.29	 NA	0.8636363636363636	0.9675675675675676	0.2777777777777778	21085	Mon_Dec_02_17	Min4.xml	60	SPEA2	200	20000	0.9	0.4	3	1	2	1	3.0
24	SPEA	0.37123617764162903	0.0015003083323753294	0.003236185059738952	0.5220337547917206	3954.0	0.205	 NA	0.5454545454545454	0.9329268292682927	0.35	19046	Mon_Dec_02_17	Min4.xml	60	SPEA2	200	20000	0.9	0.4	3	1	2	1	3.0
25	SPEA	0.411983142583475	0.00154696051611968	0.002799493663626065	0.5264465016783701	2539.0	0.15	 NA	0.6363636363636364	0.9234972677595629	0.3333333333333333	20817	Mon_Dec_02_17	Min4.xml	60	SPEA2	200	20000	0.9	0.4	3	1	2	1	3.0
26	SPEA	0.38782541964426975	0.00148779379330619	0.0029089901570737435	0.6229520066666842	3530.0	0.115	 NA	0.5909090909090909	0.9221556886227545	0.06666666666666667	20935	Mon_Dec_02_17	Min4.xml	60	SPEA2	200	20000	0.9	0.4	3	1	2	1	3.0
27	SPEA	0.3999022724624312	0.00136368307507993	0.003045521632132187	0.5687161611821444	3243.0	0.28	 NA	0.6818181818181818	0.9202453987730062	0.11764705882352941	19490	Mon_Dec_02_17	Min4.xml	60	SPEA2	200	20000	0.9	0.4	3	1	2	1	3.0
28	SPEA	0.4010088697357712	0.0014641681766090098	0.0031602633622269585	0.5607780001762572	2850.0	0.29	 NA	0.5909090909090909	0.9147727272727273	0.13333333333333333	20448	Mon_Dec_02_17	Min4.xml	60	SPEA2	200	20000	0.9	0.4	3	1	2	1	3.0
29	SPEA	0.4090248464049555	0.0016756305557163362	0.0026941164010459997	0.5088096301943865	2843.0	0.08	 NA	0.6818181818181818	0.9529411764705882	0.4	21329	Mon_Dec_02_17	Min4.xml	60	SPEA2	200	20000	0.9	0.4	3	1	2	1	3.0
30	SPEA	0.39625835921951663	0.001547329737389938	0.002435093148433505	0.540790792762521	3190.0	0.14	 NA	0.6818181818181818	0.9166666666666666	0.06666666666666667	22416	Mon_Dec_02_17	Min4.xml	60	SPEA2	200	20000	0.9	0.4	3	1	2	1	3.0
31	SPEA	0.39682329862646554	0.0015453021677153786	0.0026412028642837275	0.5358162431335736	3427.0	0.145	 NA	0.6818181818181818	0.9245283018867925	0.14285714285714285	18570	Mon_Dec_02_17	Min4.xml	60	SPEA2	200	20000	0.9	0.4	3	1	2	1	3.0
32	SPEA	0.43087018311355524	0.001518555052437367	0.002508376726825394	0.5652460035892136	1549.0	0.185	 NA	0.7727272727272727	0.948051948051948	0.125	21619	Mon_Dec_02_17	Min4.xml	60	SPEA2	200	20000	0.9	0.4	3	1	2	1	3.0
33	SPEA	0.4275734236804588	0.0013587723180009039	0.002541400024619859	0.5601107621987691	1443.0	0.22	 NA	0.7272727272727273	0.9426751592356688	0.23529411764705882	21126	Mon_Dec_02_17	Min4.xml	60	SPEA2	200	20000	0.9	0.4	3	1	2	1	3.0
1	ILS	0.27002779473674815	0.0181639411109514	0.006987421619317886	0.40025503998903994	1726.0	0.0	0.0	 NA	0.0	0.0	777	Mon_Dec_02_17	Min4.xml	60	ILS	200	20000	0.9	0.4	3	1	2	1	3.0
2	ILS	0.27261371709427346	0.017635333808139544	0.006965478322798171	0.36267628901439986	1584.0	0.0	0.0	 NA	0.0	0.0	689	Mon_Dec_02_17	Min4.xml	60	ILS	200	20000	0.9	0.4	3	1	2	1	3.0
3	ILS	0.267119357105857	0.017862887098240177	0.006942304160031526	0.3544681671653851	1608.0	0.0	0.0	 NA	0.0	0.0	737	Mon_Dec_02_17	Min4.xml	60	ILS	200	20000	0.9	0.4	3	1	2	1	3.0
4	ILS	0.2646326582926035	0.02348558679093368	0.006879610274012937	0.43551798015570387	2418.0	0.0	0.0	 NA	0.0	0.0	739	Mon_Dec_02_17	Min4.xml	60	ILS	200	20000	0.9	0.4	3	1	2	1	3.0
5	ILS	0.2669248071036801	0.0247209488060112	0.006873772225863701	0.3273746667375919	1342.0	0.0	0.0	 NA	0.0	0.0	557	Mon_Dec_02_17	Min4.xml	60	ILS	200	20000	0.9	0.4	3	1	2	1	3.0
6	ILS	0.2596287052235706	0.02482847947753657	0.007227713074107329	0.4492071066405853	1862.0	0.0	0.0	 NA	0.0	0.0	897	Mon_Dec_02_17	Min4.xml	60	ILS	200	20000	0.9	0.4	3	1	2	1	3.0
7	ILS	0.26102187176311525	0.022920141555760012	0.007241188758880006	0.44508383993796263	776.0	0.0	0.0	 NA	0.0	0.0	810	Mon_Dec_02_17	Min4.xml	60	ILS	200	20000	0.9	0.4	3	1	2	1	3.0
8	ILS	0.26304403273700083	0.024399098599168088	0.007133700991891526	0.4547359672815278	1369.0	0.0	0.0	 NA	0.0	0.0	705	Mon_Dec_02_17	Min4.xml	60	ILS	200	20000	0.9	0.4	3	1	2	1	3.0
9	ILS	0.2670493905199473	0.0236323136631657	0.007169850663414532	0.4089066682354805	2746.0	0.0	0.0	 NA	0.0	0.0	715	Mon_Dec_02_17	Min4.xml	60	ILS	200	20000	0.9	0.4	3	1	2	1	3.0
10	ILS	0.26988238342213905	0.02277141554573293	0.006870298403535036	0.3751542726588594	2226.0	0.0	0.0	 NA	0.0	0.0	688	Mon_Dec_02_17	Min4.xml	60	ILS	200	20000	0.9	0.4	3	1	2	1	3.0
11	ILS	0.265493083002562	0.02366664031670609	0.0070019116769316075	0.35158627015829713	1641.0	0.0	0.0	 NA	0.0	0.0	633	Mon_Dec_02_17	Min4.xml	60	ILS	200	20000	0.9	0.4	3	1	2	1	3.0
12	ILS	0.26007892395566895	0.023607172637093922	0.00730267443754777	0.4535055855043335	2182.0	0.0	0.0	 NA	0.0	0.0	689	Mon_Dec_02_17	Min4.xml	60	ILS	200	20000	0.9	0.4	3	1	2	1	3.0
13	ILS	0.26212520480886775	0.02352868346784239	0.007279868773686261	0.42123086734225657	2093.0	0.0	0.0	 NA	0.0	0.0	536	Mon_Dec_02_17	Min4.xml	60	ILS	200	20000	0.9	0.4	3	1	2	1	3.0
14	ILS	0.26707838937863404	0.022808364236069644	0.007036426574094098	0.4675232350241593	2007.0	0.0	0.0	 NA	0.0	0.0	587	Mon_Dec_02_17	Min4.xml	60	ILS	200	20000	0.9	0.4	3	1	2	1	3.0
15	ILS	0.25655272958012915	0.02420320834209573	0.007295587254741795	0.421055400010317	1273.0	0.0	0.0	 NA	0.0	0.0	404	Mon_Dec_02_17	Min4.xml	60	ILS	200	20000	0.9	0.4	3	1	2	1	3.0
16	ILS	0.26133220994309386	0.02352665598606835	0.007110756087808482	0.4601961636198389	1454.0	0.0	0.0	 NA	0.0	0.0	678	Mon_Dec_02_17	Min4.xml	60	ILS	200	20000	0.9	0.4	3	1	2	1	3.0
17	ILS	0.2614645711775911	0.02436103583567031	0.0072843954557628935	0.37403044274611424	1527.0	0.0	0.0	 NA	0.0	0.0	510	Mon_Dec_02_17	Min4.xml	60	ILS	200	20000	0.9	0.4	3	1	2	1	3.0
18	ILS	0.25819857976317323	0.023806208026603295	0.007488639800782791	0.41908188405599595	2023.0	0.0	0.0	 NA	0.0	0.0	631	Mon_Dec_02_17	Min4.xml	60	ILS	200	20000	0.9	0.4	3	1	2	1	3.0
19	ILS	0.2699527803036187	0.0236771297259375	0.006822867745119147	0.2980561106905273	776.0	0.0	0.0	 NA	0.006289308176100629	0.0	648	Mon_Dec_02_17	Min4.xml	60	ILS	200	20000	0.9	0.4	3	1	2	1	3.0
20	ILS	0.2554719568032885	0.026118090429194996	0.007313108758555192	0.4160734168010244	2482.0	0.0	0.0	 NA	0.0	0.0	643	Mon_Dec_02_17	Min4.xml	60	ILS	200	20000	0.9	0.4	3	1	2	1	3.0
21	ILS	0.26571953106631535	0.023414682511747217	0.007087856790954601	0.4363040416231152	1526.0	0.0	0.0	 NA	0.0	0.0	634	Mon_Dec_02_17	Min4.xml	60	ILS	200	20000	0.9	0.4	3	1	2	1	3.0
22	ILS	0.26195561118704325	0.025136448536978617	0.007238537899857687	0.4318989189467965	1077.0	0.0	0.0	 NA	0.0	0.0	655	Mon_Dec_02_17	Min4.xml	60	ILS	200	20000	0.9	0.4	3	1	2	1	3.0
23	ILS	0.2642269732490507	0.023262806672342515	0.007137128214638532	0.3732019640125781	1374.0	0.0	0.0	 NA	0.0	0.0	751	Mon_Dec_02_17	Min4.xml	60	ILS	200	20000	0.9	0.4	3	1	2	1	3.0
24	ILS	0.26331637224835946	0.023557044971087834	0.007025442302234622	0.411788325459731	776.0	0.0	0.0	 NA	0.0	0.0	496	Mon_Dec_02_17	Min4.xml	60	ILS	200	20000	0.9	0.4	3	1	2	1	3.0
25	ILS	0.28115744241878016	0.020611346056855714	0.006753430004788908	0.45647903620878766	920.0	0.0	0.0	 NA	0.0	0.0	635	Mon_Dec_02_17	Min4.xml	60	ILS	200	20000	0.9	0.4	3	1	2	1	3.0
26	ILS	0.2702008600626952	0.021651278108297974	0.007046892792066333	0.37084741080273875	1846.0	0.0	0.0	 NA	0.0	0.0	674	Mon_Dec_02_17	Min4.xml	60	ILS	200	20000	0.9	0.4	3	1	2	1	3.0
27	ILS	0.2662906535691947	0.02285886995980089	0.007428511498748516	0.4253438775720655	874.0	0.0	0.0	 NA	0.006134969325153374	0.0	501	Mon_Dec_02_17	Min4.xml	60	ILS	200	20000	0.9	0.4	3	1	2	1	3.0
28	ILS	0.2724359560997905	0.02157632082055122	0.006885717352892745	0.3085179727915472	776.0	0.0	0.0	 NA	0.0	0.0	555	Mon_Dec_02_17	Min4.xml	60	ILS	200	20000	0.9	0.4	3	1	2	1	3.0
29	ILS	0.26117052322376044	0.024725442452315928	0.006927739865147847	0.33567097238909444	2174.0	0.0	0.0	 NA	0.0	0.0	576	Mon_Dec_02_17	Min4.xml	60	ILS	200	20000	0.9	0.4	3	1	2	1	3.0
30	ILS	0.26269609126511534	0.02500454833423724	0.007178507266348173	0.29104484698545685	1892.0	0.0	0.0	 NA	0.0	0.0	677	Mon_Dec_02_17	Min4.xml	60	ILS	200	20000	0.9	0.4	3	1	2	1	3.0
31	ILS	0.2597689732120656	0.024628638746270293	0.007081601018649931	0.3284677620086517	2268.0	0.0	0.0	 NA	0.0	0.0	708	Mon_Dec_02_17	Min4.xml	60	ILS	200	20000	0.9	0.4	3	1	2	1	3.0
32	ILS	0.2655412627771248	0.023642070180153806	0.007135697163355828	0.4873973331829126	1732.0	0.0	0.0	 NA	0.0	0.0	712	Mon_Dec_02_17	Min4.xml	60	ILS	200	20000	0.9	0.4	3	1	2	1	3.0
33	ILS	0.27331241619857244	0.02222333565850063	0.007065070956433201	0.3933958842467835	1948.0	0.0	0.0	 NA	0.0	0.0	623	Mon_Dec_02_17	Min4.xml	60	ILS	200	20000	0.9	0.4	3	1	2	1	3.0
1	OPMOP	0.3425667765899056	0.005504785409929913	0.0033199070811998125	0.518512464761795	4350.0	0.0	0.0	0.6136363636363636	 NA	0.06666666666666667	4059	Mon_Dec_02_17	Min4.xml	60	OPMOP_GA	200	20000	0.9	0.4	3	1	2	1	3.0
2	OPMOP	0.3597171505521892	0.005070173385986366	0.0031967991418692036	0.48763485778583265	3471.0	0.0	0.0	0.6363636363636364	 NA	0.0	3169	Mon_Dec_02_17	Min4.xml	60	OPMOP_GA	200	20000	0.9	0.4	3	1	2	1	3.0
3	OPMOP	0.35381749552237846	0.005035956401071941	0.003260085791444154	0.5415717902682902	3414.0	0.0	0.0	0.75	 NA	0.05555555555555555	3360	Mon_Dec_02_17	Min4.xml	60	OPMOP_GA	200	20000	0.9	0.4	3	1	2	1	3.0
4	OPMOP	0.3420016997250272	0.005016937410646247	0.003411843994671454	0.48782327091113115	4767.0	0.0	0.0	0.6363636363636364	 NA	0.0	3124	Mon_Dec_02_17	Min4.xml	60	OPMOP_GA	200	20000	0.9	0.4	3	1	2	1	3.0
5	OPMOP	0.36289617528178325	0.005220566452616466	0.0030451906857303333	0.5298079107515278	3160.0	0.0	0.0	0.6363636363636364	 NA	0.0	3183	Mon_Dec_02_17	Min4.xml	60	OPMOP_GA	200	20000	0.9	0.4	3	1	2	1	3.0
6	OPMOP	0.35001871750226704	0.005588954149045423	0.0032631080132394827	0.4558019695404891	4050.0	0.0	0.0	0.6818181818181818	 NA	0.125	3134	Mon_Dec_02_17	Min4.xml	60	OPMOP_GA	200	20000	0.9	0.4	3	1	2	1	3.0
7	OPMOP	0.33591120059077845	0.005505696198039474	0.0036526767848163296	0.5760901602364653	4733.0	0.0	0.0	0.5909090909090909	 NA	0.0	3165	Mon_Dec_02_17	Min4.xml	60	OPMOP_GA	200	20000	0.9	0.4	3	1	2	1	3.0
8	OPMOP	0.35307722083608634	0.005581804370744631	0.003228257494732037	0.45474605831495246	3593.0	0.0	0.0	0.5909090909090909	 NA	0.05263157894736842	3150	Mon_Dec_02_17	Min4.xml	60	OPMOP_GA	200	20000	0.9	0.4	3	1	2	1	3.0
9	OPMOP	0.34384171690347115	0.005742831514823201	0.0036586977359181665	0.49945360387408044	3920.0	0.0	0.0	0.5	 NA	0.0	3245	Mon_Dec_02_17	Min4.xml	60	OPMOP_GA	200	20000	0.9	0.4	3	1	2	1	3.0
10	OPMOP	0.3499256499332123	0.005721535219459386	0.003357423385348953	0.5376687975543749	4242.0	0.0	0.0	0.5909090909090909	 NA	0.047619047619047616	3407	Mon_Dec_02_17	Min4.xml	60	OPMOP_GA	200	20000	0.9	0.4	3	1	2	1	3.0
11	OPMOP	0.35512460645908606	0.0052904089941295555	0.0032704929013574508	0.46911075338691705	3654.0	0.0	0.0	0.5	 NA	0.0	3184	Mon_Dec_02_17	Min4.xml	60	OPMOP_GA	200	20000	0.9	0.4	3	1	2	1	3.0
12	OPMOP	0.3414457325780183	0.005507200369923596	0.003479026282612673	0.5056103593336723	4626.0	0.005	0.0	0.5454545454545454	 NA	0.0	3288	Mon_Dec_02_17	Min4.xml	60	OPMOP_GA	200	20000	0.9	0.4	3	1	2	1	3.0
13	OPMOP	0.36303602798827334	0.005294115851438005	0.003058287256687939	0.4842735022668643	3270.0	0.0	0.0	0.6818181818181818	 NA	0.05555555555555555	3149	Mon_Dec_02_17	Min4.xml	60	OPMOP_GA	200	20000	0.9	0.4	3	1	2	1	3.0
14	OPMOP	0.3434141733164443	0.005630966407970624	0.003592556642167157	0.522942678832598	5051.0	0.0	0.0	0.5909090909090909	 NA	0.0	3133	Mon_Dec_02_17	Min4.xml	60	OPMOP_GA	200	20000	0.9	0.4	3	1	2	1	3.0
15	OPMOP	0.3506581663965308	0.005547553251216904	0.003242057151540136	0.5708571737608411	4026.0	0.0	0.0	0.6363636363636364	 NA	0.0625	3093	Mon_Dec_02_17	Min4.xml	60	OPMOP_GA	200	20000	0.9	0.4	3	1	2	1	3.0
16	OPMOP	0.34623628766116005	0.005339941654392243	0.0033320263881294237	0.5389674117298557	4443.0	0.0	0.0	0.5909090909090909	 NA	0.0	3247	Mon_Dec_02_17	Min4.xml	60	OPMOP_GA	200	20000	0.9	0.4	3	1	2	1	3.0
17	OPMOP	0.356894401443931	0.005285644757537241	0.003306988453675249	0.4958156965444066	3105.0	0.0	0.0	0.5909090909090909	 NA	0.05555555555555555	3101	Mon_Dec_02_17	Min4.xml	60	OPMOP_GA	200	20000	0.9	0.4	3	1	2	1	3.0
18	OPMOP	0.3483837697377598	0.005516358233694487	0.0034379434631657295	0.5622759585124404	4550.0	0.0	0.0075	0.5454545454545454	 NA	0.0	3117	Mon_Dec_02_17	Min4.xml	60	OPMOP_GA	200	20000	0.9	0.4	3	1	2	1	3.0
19	OPMOP	0.34546152033480504	0.005491031881918203	0.003285635406491199	0.47769284362808145	4171.0	0.0	0.0	0.5454545454545454	 NA	0.0	3135	Mon_Dec_02_17	Min4.xml	60	OPMOP_GA	200	20000	0.9	0.4	3	1	2	1	3.0
20	OPMOP	0.3410652938010438	0.005548944394224188	0.0033558291581500805	0.5000577384539592	4722.0	0.0	0.0225	0.6363636363636364	 NA	0.0	3191	Mon_Dec_02_17	Min4.xml	60	OPMOP_GA	200	20000	0.9	0.4	3	1	2	1	3.0
21	OPMOP	0.33912530141911856	0.005392671827548205	0.0034408487413361967	0.5377882191944346	4886.0	0.0	0.0	0.5454545454545454	 NA	0.09090909090909091	3046	Mon_Dec_02_17	Min4.xml	60	OPMOP_GA	200	20000	0.9	0.4	3	1	2	1	3.0
22	OPMOP	0.34286827459151875	0.0057139491712584825	0.003488033116709686	0.4939032812585178	4397.0	0.0	0.0	0.5454545454545454	 NA	0.0	3189	Mon_Dec_02_17	Min4.xml	60	OPMOP_GA	200	20000	0.9	0.4	3	1	2	1	3.0
23	OPMOP	0.36316684200075405	0.005054779270012024	0.003098975649905768	0.5025416102809552	3506.0	0.0	0.0	0.5454545454545454	 NA	0.0	3166	Mon_Dec_02_17	Min4.xml	60	OPMOP_GA	200	20000	0.9	0.4	3	1	2	1	3.0
24	OPMOP	0.34707865801754884	0.005520021286664706	0.0032996091189413206	0.525691588803932	4195.0	0.0	0.0	0.5454545454545454	 NA	0.05	3145	Mon_Dec_02_17	Min4.xml	60	OPMOP_GA	200	20000	0.9	0.4	3	1	2	1	3.0
25	OPMOP	0.3448317531259677	0.005242162253561799	0.003435088188398602	0.5227034954748372	3967.0	0.0	0.0	0.5454545454545454	 NA	0.0	3108	Mon_Dec_02_17	Min4.xml	60	OPMOP_GA	200	20000	0.9	0.4	3	1	2	1	3.0
26	OPMOP	0.3510405060339392	0.005214047832952084	0.003139516194265708	0.5066539119936044	3886.0	0.0	0.0	0.6363636363636364	 NA	0.0	3116	Mon_Dec_02_17	Min4.xml	60	OPMOP_GA	200	20000	0.9	0.4	3	1	2	1	3.0
27	OPMOP	0.33480930253046226	0.005566825587351695	0.0036867226902269922	0.5197567078767982	4797.0	0.0	0.0	0.45454545454545453	 NA	0.0	3157	Mon_Dec_02_17	Min4.xml	60	OPMOP_GA	200	20000	0.9	0.4	3	1	2	1	3.0
28	OPMOP	0.3473532920975302	0.005234322475457414	0.0033668305483874907	0.49714230447879726	4533.0	0.0	0.0	0.6363636363636364	 NA	0.0	3085	Mon_Dec_02_17	Min4.xml	60	OPMOP_GA	200	20000	0.9	0.4	3	1	2	1	3.0
29	OPMOP	0.3495041928220737	0.005294629567687013	0.0033311505102864036	0.5332694793418293	3371.0	0.0	0.0	0.5909090909090909	 NA	0.15	3142	Mon_Dec_02_17	Min4.xml	60	OPMOP_GA	200	20000	0.9	0.4	3	1	2	1	3.0
30	OPMOP	0.3466533226714834	0.005963990333941399	0.003383827424988889	0.5150027253196315	3781.0	0.0	0.0	0.5909090909090909	 NA	0.0	3216	Mon_Dec_02_17	Min4.xml	60	OPMOP_GA	200	20000	0.9	0.4	3	1	2	1	3.0
31	OPMOP	0.3466445429730588	0.005327239069317315	0.0033693607118145514	0.5104443840597938	4007.0	0.0	0.0	0.5454545454545454	 NA	0.0	3186	Mon_Dec_02_17	Min4.xml	60	OPMOP_GA	200	20000	0.9	0.4	3	1	2	1	3.0
32	OPMOP	0.3593645330605715	0.00562071299781421	0.003029417362769466	0.5152623210820559	3553.0	0.0	0.0	0.5454545454545454	 NA	0.0	3083	Mon_Dec_02_17	Min4.xml	60	OPMOP_GA	200	20000	0.9	0.4	3	1	2	1	3.0
33	OPMOP	0.3493385844542439	0.005525661160888097	0.0033860464549683197	0.4831277311640164	3467.0	0.0	0.0	0.5454545454545454	 NA	0.0	3182	Mon_Dec_02_17	Min4.xml	60	OPMOP_GA	200	20000	0.9	0.4	3	1	2	1	3.0
1	MILS	0.3586607957705618	0.007908868046947933	0.0038389875113602214	0.659683499410741	4390.0	0.0	0.0	0.0	0.0	 NA	4068	Mon_Dec_02_17	Min4.xml	60	MILS	200	20000	0.9	0.4	3	1	2	1	3.0
2	MILS	0.3561857331425217	0.006300815464562117	0.0038282672168528232	0.7181489533348728	4653.0	0.0	0.0	0.0	0.0	 NA	3786	Mon_Dec_02_17	Min4.xml	60	MILS	200	20000	0.9	0.4	3	1	2	1	3.0
3	MILS	0.38100708738175126	0.007779011182395391	0.0033613129504549786	0.687216426352432	2565.0	0.0	0.0	0.0	0.0	 NA	4188	Mon_Dec_02_17	Min4.xml	60	MILS	200	20000	0.9	0.4	3	1	2	1	3.0
4	MILS	0.3710370128668756	0.00736627880178437	0.0032597942714056986	0.6710777614633184	3438.0	0.0	0.0	0.0	0.0	 NA	3956	Mon_Dec_02_17	Min4.xml	60	MILS	200	20000	0.9	0.4	3	1	2	1	3.0
5	MILS	0.3502286662420614	0.007837549277479594	0.003864787339666356	0.6465415460980886	4589.0	0.0	0.0	0.0	0.0	 NA	3989	Mon_Dec_02_17	Min4.xml	60	MILS	200	20000	0.9	0.4	3	1	2	1	3.0
6	MILS	0.35377750519331697	0.010014644556679645	0.0034309453502318326	0.6330023386329126	4150.0	0.0	0.0	0.0	0.0	 NA	3925	Mon_Dec_02_17	Min4.xml	60	MILS	200	20000	0.9	0.4	3	1	2	1	3.0
7	MILS	0.3747913252515368	0.005259367700680465	0.004038968774174124	0.6605180201608386	3672.0	0.0	0.0	0.0	0.0	 NA	4384	Mon_Dec_02_17	Min4.xml	60	MILS	200	20000	0.9	0.4	3	1	2	1	3.0
8	MILS	0.3953313299272756	0.00751485650268326	0.0033433058127219223	0.6018094094060313	1843.0	0.0	0.0	0.0	0.0	 NA	4096	Mon_Dec_02_17	Min4.xml	60	MILS	200	20000	0.9	0.4	3	1	2	1	3.0
9	MILS	0.36383275892470945	0.009592047882175268	0.003333370376342335	0.5445978169384484	4431.0	0.0	0.0	0.0	0.0	 NA	4025	Mon_Dec_02_17	Min4.xml	60	MILS	200	20000	0.9	0.4	3	1	2	1	3.0
10	MILS	0.3867330007003213	0.008825277366851713	0.003300840236729707	0.6522537793122427	2285.0	0.0	0.0	0.0	0.0	 NA	3989	Mon_Dec_02_17	Min4.xml	60	MILS	200	20000	0.9	0.4	3	1	2	1	3.0
11	MILS	0.37857358589451257	0.007580683593302101	0.0031210743600666294	0.6122603351739075	3356.0	0.0	0.0	0.0	0.0	 NA	3860	Mon_Dec_02_17	Min4.xml	60	MILS	200	20000	0.9	0.4	3	1	2	1	3.0
12	MILS	0.35471989690263206	0.006012769561262733	0.003747386701743503	0.6887904159151425	4348.0	0.0	0.0	0.0	0.0	 NA	4063	Mon_Dec_02_17	Min4.xml	60	MILS	200	20000	0.9	0.4	3	1	2	1	3.0
13	MILS	0.364667733593086	0.007571138086356131	0.003406011136893703	0.624525811468564	3201.0	0.0	0.0	0.0	0.0	 NA	3925	Mon_Dec_02_17	Min4.xml	60	MILS	200	20000	0.9	0.4	3	1	2	1	3.0
14	MILS	0.35519643169195525	0.008274571848712066	0.004201065780909014	0.7066917390335758	4821.0	0.0	0.0	0.0	0.0	 NA	3860	Mon_Dec_02_17	Min4.xml	60	MILS	200	20000	0.9	0.4	3	1	2	1	3.0
15	MILS	0.35724792380736886	0.008206413569736282	0.003550709978531405	0.6340534778477496	3650.0	0.0	0.0	0.0	0.0	 NA	4101	Mon_Dec_02_17	Min4.xml	60	MILS	200	20000	0.9	0.4	3	1	2	1	3.0
16	MILS	0.3522611445635246	0.0064720618023074	0.003910641351603122	0.7198258955938825	4474.0	0.0	0.0	0.0	0.0	 NA	4022	Mon_Dec_02_17	Min4.xml	60	MILS	200	20000	0.9	0.4	3	1	2	1	3.0
17	MILS	0.39461209660328744	0.007595132765460932	0.0029921009276115164	0.6679443319556821	2585.0	0.0	0.0	0.0	0.0	 NA	4179	Mon_Dec_02_17	Min4.xml	60	MILS	200	20000	0.9	0.4	3	1	2	1	3.0
18	MILS	0.35225757842625993	0.007513199420170916	0.0036621962176486777	0.6368799770026966	4793.0	0.0	0.0	0.0	0.0	 NA	4225	Mon_Dec_02_17	Min4.xml	60	MILS	200	20000	0.9	0.4	3	1	2	1	3.0
19	MILS	0.3578148980588392	0.0062258627529184814	0.004099082733319928	0.6558247018413634	4276.0	0.0	0.0	0.0	0.0	 NA	4181	Mon_Dec_02_17	Min4.xml	60	MILS	200	20000	0.9	0.4	3	1	2	1	3.0
20	MILS	0.3627677550300505	0.006110966185391804	0.004049282443587694	0.7065283847949435	4362.0	0.0	0.0	0.0	0.0	 NA	4042	Mon_Dec_02_17	Min4.xml	60	MILS	200	20000	0.9	0.4	3	1	2	1	3.0
21	MILS	0.3791407099131006	0.011333476377950923	0.0037680949248462157	0.6816293509759473	3298.0	0.0	0.0	0.0	0.0	 NA	3937	Mon_Dec_02_17	Min4.xml	60	MILS	200	20000	0.9	0.4	3	1	2	1	3.0
22	MILS	0.3481885299773494	0.006799833304847578	0.004011644797915048	0.6739780265320169	4886.0	0.0	0.0	0.0	0.0	 NA	3861	Mon_Dec_02_17	Min4.xml	60	MILS	200	20000	0.9	0.4	3	1	2	1	3.0
23	MILS	0.36083168112561625	0.007972779319477164	0.003383112795073424	0.5793862516986159	3752.0	0.0	0.0	0.0	0.0	 NA	4009	Mon_Dec_02_17	Min4.xml	60	MILS	200	20000	0.9	0.4	3	1	2	1	3.0
24	MILS	0.3735953454773314	0.00820626651519158	0.0033220371323671896	0.6276439638507566	3434.0	0.0	0.0	0.0	0.0	 NA	4054	Mon_Dec_02_17	Min4.xml	60	MILS	200	20000	0.9	0.4	3	1	2	1	3.0
25	MILS	0.33226342706081824	0.007455410140869991	0.0042432176256335455	0.7158215630336817	5067.0	0.0	0.0	0.0	0.0	 NA	3923	Mon_Dec_02_17	Min4.xml	60	MILS	200	20000	0.9	0.4	3	1	2	1	3.0
26	MILS	0.3465229936522772	0.0070563531930200735	0.004303221701128583	0.7298922891548886	3896.0	0.0	0.0	0.0	0.0	 NA	3974	Mon_Dec_02_17	Min4.xml	60	MILS	200	20000	0.9	0.4	3	1	2	1	3.0
27	MILS	0.3967166791516423	0.007074002555230124	0.0031498029686723955	0.6246878359001302	1804.0	0.0	0.0	0.0	0.0	 NA	4432	Mon_Dec_02_17	Min4.xml	60	MILS	200	20000	0.9	0.4	3	1	2	1	3.0
28	MILS	0.38502944571674114	0.006274286656223729	0.0030852399883383227	0.627331727696177	2728.0	0.0	0.0	0.0	0.0	 NA	4725	Mon_Dec_02_17	Min4.xml	60	MILS	200	20000	0.9	0.4	3	1	2	1	3.0
29	MILS	0.37057561437184244	0.008995928460105166	0.0030997518629445014	0.600851293969926	3736.0	0.0	0.0	0.0	0.0	 NA	4036	Mon_Dec_02_17	Min4.xml	60	MILS	200	20000	0.9	0.4	3	1	2	1	3.0
30	MILS	0.4161806457592956	0.0065136840968807305	0.00296470283228793	0.5717437983264756	1482.0	0.0	0.0	0.0	0.0	 NA	4228	Mon_Dec_02_17	Min4.xml	60	MILS	200	20000	0.9	0.4	3	1	2	1	3.0
31	MILS	0.38148867619426224	0.008734894803574634	0.0036774901029229625	0.6011361519239554	3328.0	0.0	0.0	0.0	0.0	 NA	4277	Mon_Dec_02_17	Min4.xml	60	MILS	200	20000	0.9	0.4	3	1	2	1	3.0
32	MILS	0.35898088664047784	0.008082702199586296	0.003957875628982346	0.6927902262636714	4528.0	0.0	0.0	0.0	0.0	 NA	4001	Mon_Dec_02_17	Min4.xml	60	MILS	200	20000	0.9	0.4	3	1	2	1	3.0
33	MILS	0.3652352634787585	0.006610820307346071	0.003958017061634815	0.6284435929353467	3911.0	0.0	0.0	0.0	0.0	 NA	3799	Mon_Dec_02_17	Min4.xml	60	MILS	200	20000	0.9	0.4	3	1	2	1	3.0
